# S12_frequency_set	VNA_S12_trace
# "S12 frequency"	"S12 magnitude"
# 1000
100000	-20.68347368
20119919.9199199	-36.76855443
40139839.8398398	-37.04775953
60159759.7597598	-37.37603954
80179679.6796797	-37.73921506
100199599.5996	-38.00555555
120219519.51952	-38.31284276
140239439.439439	-38.57935965
160259359.359359	-38.8280125
180279279.279279	-39.08307394
200299199.199199	-39.30138364
220319119.119119	-39.52062393
240339039.039039	-39.74525012
260358958.958959	-39.94212544
280378878.878879	-40.13874513
300398798.798799	-40.32182472
320418718.718719	-40.50225138
340438638.638639	-40.66509961
360458558.558559	-40.84658511
380478478.478478	-41.0048435
400498398.398398	-41.1687324
420518318.318318	-41.31977362
440538238.238238	-41.47408253
460558158.158158	-41.62685239
480578078.078078	-41.77063429
500597997.997998	-41.93236528
520617917.917918	-42.05568477
540637837.837838	-42.18544749
560657757.757758	-42.30817661
580677677.677678	-42.45425325
600697597.597598	-42.57528166
620717517.517517	-42.70463992
640737437.437437	-42.84498899
660757357.357357	-42.94624826
680777277.277277	-43.07347745
700797197.197197	-43.20197905
720817117.117117	-43.3126463
740837037.037037	-43.45399401
760856956.956957	-43.58265589
780876876.876877	-43.67921338
800896796.796797	-43.82589458
820916716.716717	-43.93874244
840936636.636637	-44.03858326
860956556.556557	-44.16189293
880976476.476476	-44.25531758
900996396.396396	-44.36134276
921016316.316316	-44.49365916
941036236.236236	-44.57641828
961056156.156156	-44.68302381
981076076.076076	-44.79119801
1001095995.996	-44.89398836
1021115915.91592	-44.9888159
1041135835.83584	-45.08495621
1061155755.75576	-45.20540389
1081175675.67568	-45.24886701
1101195595.5956	-45.39258015
1121215515.51552	-45.46078155
1141235435.43544	-45.54491827
1161255355.35536	-45.67255234
1181275275.27528	-45.7389374
1201295195.1952	-45.85139322
1221315115.11512	-45.92829806
1241335035.03503	-46.05735109
1261354954.95495	-46.12028732
1281374874.87487	-46.21604662
1301394794.79479	-46.33680253
1321414714.71471	-46.3900039
1341434634.63463	-46.49961789
1361454554.55455	-46.59727347
1381474474.47447	-46.68574987
1401494394.39439	-46.8139124
1421514314.31431	-46.83446736
1441534234.23423	-46.92647794
1461554154.15415	-47.0007857
1481574074.07407	-47.10067414
1501593993.99399	-47.18641663
1521613913.91391	-47.2777061
1541633833.83383	-47.34168627
1561653753.75375	-47.41567054
1581673673.67367	-47.4937391
1601693593.59359	-47.61084689
1621713513.51351	-47.67722349
1641733433.43343	-47.75978553
1661753353.35335	-47.87053091
1681773273.27327	-47.9627748
1701793193.19319	-48.03367469
1721813113.11311	-48.13055178
1741833033.03303	-48.23766298
1761852952.95295	-48.29621885
1781872872.87287	-48.37732265
1801892792.79279	-48.47873803
1821912712.71271	-48.58296278
1841932632.63263	-48.63648689
1861952552.55255	-48.71631324
1881972472.47247	-48.81332823
1901992392.39239	-48.87500294
1922012312.31231	-48.95803666
1942032232.23223	-49.05478416
1962052152.15215	-49.11714689
1982072072.07207	-49.21595312
2002091991.99199	-49.27174817
2022111911.91191	-49.39102188
2042131831.83183	-49.45982296
2062151751.75175	-49.53216958
2082171671.67167	-49.63980931
2102191591.59159	-49.67412394
2122211511.51151	-49.79838821
2142231431.43143	-49.8419636
2162251351.35135	-49.92503359
2182271271.27127	-50.05406729
2202291191.19119	-50.06636243
2222311111.11111	-50.18407386
2242331031.03103	-50.26567737
2262350950.95095	-50.29387946
2282370870.87087	-50.41376643
2302390790.79079	-50.45296276
2322410710.71071	-50.53881597
2342430630.63063	-50.63223487
2362450550.55055	-50.68354307
2382470470.47047	-50.77676135
2402490390.39039	-50.82249303
2422510310.31031	-50.91768521
2442530230.23023	-50.98884669
2462550150.15015	-51.0608708
2482570070.07007	-51.15534332
2502589989.98999	-51.19320497
2522609909.90991	-51.33018252
2542629829.82983	-51.39220346
2562649749.74975	-51.43589802
2582669669.66967	-51.54789257
2602689589.58959	-51.57695128
2622709509.50951	-51.66437346
2642729429.42943	-51.74068894
2662749349.34935	-51.79331273
2682769269.26927	-51.87960284
2702789189.18919	-51.94715944
2722809109.10911	-52.01474943
2742829029.02903	-52.09450565
2762848948.94895	-52.16633869
2782868868.86887	-52.2318545
2802888788.78879	-52.31417902
2822908708.70871	-52.37184542
2842928628.62863	-52.45722146
2862948548.54855	-52.52542911
2882968468.46847	-52.56421743
2902988388.38839	-52.64583917
2923008308.30831	-52.70919669
2943028228.22823	-52.78042483
2963048148.14815	-52.84920137
2983068068.06807	-52.9149762
3003087987.98799	-53.00861797
3023107907.90791	-53.05613769
3043127827.82783	-53.11763527
3063147747.74775	-53.21594373
3083167667.66767	-53.24874677
3103187587.58759	-53.33797826
3123207507.50751	-53.38096826
3143227427.42743	-53.43898152
3163247347.34735	-53.5312166
3183267267.26727	-53.56071726
3203287187.18719	-53.65161048
3223307107.10711	-53.70861042
3243327027.02703	-53.75617683
3263346946.94695	-53.83498923
3283366866.86687	-53.86923006
3303386786.78679	-53.94801278
3323406706.70671	-54.0115327
3343426626.62663	-54.0557872
3363446546.54655	-54.13533318
3383466466.46647	-54.15902433
3403486386.38639	-54.23740973
3423506306.30631	-54.29306876
3443526226.22623	-54.32404469
3463546146.14615	-54.43032181
3483566066.06607	-54.47754675
3503585985.98599	-54.55382464
3523605905.90591	-54.62153936
3543625825.82583	-54.64668826
3563645745.74575	-54.73615399
3583665665.66567	-54.75741293
3603685585.58559	-54.80122182
3623705505.50551	-54.88953147
3643725425.42543	-54.89032209
3663745345.34535	-54.97841157
3683765265.26526	-55.02560223
3703785185.18518	-55.04278644
3723805105.1051	-55.1213057
3743825025.02502	-55.14278445
3763844944.94494	-55.20042534
3783864864.86486	-55.25116973
3803884784.78478	-55.29798271
3823904704.7047	-55.39145242
3843924624.62462	-55.39904422
3863944544.54454	-55.47378138
3883964464.46446	-55.52024998
3903984384.38438	-55.55898621
3924004304.3043	-55.62498457
3944024224.22422	-55.65611651
3964044144.14414	-55.73001047
3984064064.06406	-55.7784849
4004083983.98398	-55.83216041
4024103903.9039	-55.93037107
4044123823.82382	-55.94019135
4064143743.74374	-56.00897884
4084163663.66366	-56.08518078
4104183583.58358	-56.11420743
4124203503.5035	-56.20381556
4144223423.42342	-56.25151586
4164243343.34334	-56.31557377
4184263263.26326	-56.37093339
4204283183.18318	-56.43096833
4224303103.1031	-56.49242987
4244323023.02302	-56.54240871
4264342942.94294	-56.58855511
4284362862.86286	-56.65248499
4304382782.78278	-56.72508567
4324402702.7027	-56.75571561
4344422622.62262	-56.82469644
4364442542.54254	-56.88504832
4384462462.46246	-56.92802092
4404482382.38238	-56.98426601
4424502302.3023	-57.04219528
4444522222.22222	-57.10048792
4464542142.14214	-57.14482929
4484562062.06206	-57.23396376
4504581981.98198	-57.28648244
4524601901.9019	-57.32411238
4544621821.82182	-57.38899886
4564641741.74174	-57.42428459
4584661661.66166	-57.49461536
4604681581.58158	-57.55537648
4624701501.5015	-57.62239976
4644721421.42142	-57.71698578
4664741341.34134	-57.75096068
4684761261.26126	-57.82688746
4704781181.18118	-57.86719996
4724801101.1011	-57.89859757
4744821021.02102	-57.97743013
4764840940.94094	-58.00736528
4784860860.86086	-58.11711265
4804880780.78078	-58.15028176
4824900700.7007	-58.21855482
4844920620.62062	-58.29917325
4864940540.54054	-58.26963068
4884960460.46046	-58.36866402
4904980380.38038	-58.38332703
4925000300.3003	-58.45144976
4945020220.22022	-58.51345688
4965040140.14014	-58.53928784
4985060060.06006	-58.62830524
5005079979.97998	-58.64272545
5025099899.8999	-58.67330702
5045119819.81982	-58.73248953
5065139739.73974	-58.73838347
5085159659.65966	-58.82920779
5105179579.57958	-58.83564806
5125199499.4995	-58.93332031
5145219419.41942	-58.99513831
5165239339.33934	-59.04792198
5185259259.25926	-59.15512829
5205279179.17918	-59.15630157
5225299099.0991	-59.26746409
5245319019.01902	-59.30731665
5265338938.93894	-59.39173479
5285358858.85886	-59.47181133
5305378778.77878	-59.50665108
5325398698.6987	-59.58945584
5345418618.61862	-59.54700563
5365438538.53854	-59.62604282
5385458458.45846	-59.60255838
5405478378.37838	-59.68196689
5425498298.2983	-59.74975674
5445518218.21822	-59.80035625
5465538138.13814	-59.92666658
5485558058.05806	-59.92298593
5505577977.97798	-60.0087052
5525597897.8979	-60.03735753
5545617817.81782	-60.05777162
5565637737.73774	-60.17385365
5585657657.65766	-60.16893932
5605677577.57758	-60.34496436
5625697497.4975	-60.35353623
5645717417.41742	-60.42033809
5665737337.33734	-60.52798453
5685757257.25726	-60.46624368
5705777177.17718	-60.58489762
5725797097.0971	-60.54804409
5745817017.01702	-60.65751361
5765836936.93694	-60.70219968
5785856856.85686	-60.72361274
5805876776.77678	-60.9157492
5825896696.6967	-60.83005655
5845916616.61662	-60.95042536
5865936536.53654	-60.94736119
5885956456.45646	-60.97831839
5905976376.37638	-61.09661476
5925996296.2963	-61.03721848
5946016216.21622	-61.27403819
5966036136.13614	-61.23449688
5986056056.05606	-61.33699087
6006075975.97598	-61.40399247
6026095895.8959	-61.33487672
6046115815.81582	-61.53334934
6066135735.73574	-61.43435797
6086155655.65566	-61.61783048
6106175575.57558	-61.66792773
6126195495.49549	-61.71208929
6146215415.41541	-61.87524131
6166235335.33533	-61.76989522
6186255255.25525	-61.95418284
6206275175.17517	-61.87997994
6226295095.09509	-61.96902492
6246315015.01501	-62.05405064
6266334934.93493	-61.97809143
6286354854.85485	-62.2352098
6306374774.77477	-62.09624339
6326394694.69469	-62.2880707
6346414614.61461	-62.28267133
6366434534.53453	-62.1995041
6386454454.45445	-62.44841699
6406474374.37437	-62.25553905
6426494294.29429	-62.52333214
6446514214.21421	-62.45341556
6466534134.13413	-62.49569634
6486554054.05405	-62.69484874
6506573973.97397	-62.47064055
6526593893.89389	-62.79170624
6546613813.81381	-62.62494106
6566633733.73373	-62.71526917
6586653653.65365	-62.88533881
6606673573.57357	-62.70055754
6626693493.49349	-63.03756312
6646713413.41341	-62.80546546
6666733333.33333	-62.94578533
6686753253.25325	-63.04626169
6706773173.17317	-62.87159541
6726793093.09309	-63.0941126
6746813013.01301	-62.90260403
6766832932.93293	-63.14461675
6786852852.85285	-63.09133006
6806872772.77277	-63.07580032
6826892692.69269	-63.28479803
6846912612.61261	-63.10657213
6866932532.53253	-63.36368939
6886952452.45245	-63.27542449
6906972372.37237	-63.34722502
6926992292.29229	-63.49027845
6947012212.21221	-63.37918584
6967032132.13213	-63.60885469
6987052052.05205	-63.4806672
7007071971.97197	-63.66076303
7027091891.89189	-63.64310049
7047111811.81181	-63.59048844
7067131731.73173	-63.75399494
7087151651.65165	-63.6793042
7107171571.57157	-63.8461339
7127191491.49149	-63.81448521
7147211411.41141	-63.89588402
7167231331.33133	-63.96886749
7187251251.25125	-63.87927922
7207271171.17117	-64.08183079
7227291091.09109	-64.00548399
7247311011.01101	-64.17122629
7267330930.93093	-64.16597496
7287350850.85085	-64.20275989
7307370770.77077	-64.38525245
7327390690.69069	-64.32254083
7347410610.61061	-64.43593649
7367430530.53053	-64.46494956
7387450450.45045	-64.46722276
7407470370.37037	-64.60602523
7427490290.29029	-64.53336774
7447510210.21021	-64.64603453
7467530130.13013	-64.63939897
7487550050.05005	-64.76179667
7507569969.96997	-64.77926501
7527589889.88989	-64.83727796
7547609809.80981	-64.95143631
7567629729.72973	-64.91856472
7587649649.64965	-65.05915292
7607669569.56957	-65.05580668
7627689489.48949	-65.12963539
7647709409.40941	-65.28745311
7667729329.32933	-65.25847217
7687749249.24925	-65.40414665
7707769169.16917	-65.33012881
7727789089.08909	-65.45925656
7747809009.00901	-65.44678875
7767828928.92893	-65.49774559
7787848848.84885	-65.63086244
7807868768.76877	-65.54816251
7827888688.68869	-65.73509644
7847908608.60861	-65.64594545
7867928528.52853	-65.81918154
7887948448.44845	-65.84900519
7907968368.36837	-65.81254852
7927988288.28829	-66.0459815
7948008208.20821	-65.92300952
7968028128.12813	-66.09164286
7988048048.04805	-66.07493272
8008067967.96797	-66.11949408
8028087887.88789	-66.28882383
8048107807.80781	-66.08884236
8068127727.72773	-66.35128399
8088147647.64765	-66.33138323
8108167567.56757	-66.37581933
8128187487.48749	-66.50559803
8148207407.40741	-66.44861207
8168227327.32733	-66.7112446
8188247247.24725	-66.59088596
8208267167.16717	-66.76511389
8228287087.08709	-66.80676606
8248307007.00701	-66.82583532
8268326926.92693	-66.98336732
8288346846.84685	-66.92128937
8308366766.76677	-67.1144536
8328386686.68669	-67.13075492
8348406606.60661	-67.23500224
8368426526.52653	-67.36763485
8388446446.44645	-67.29100927
8408466366.36637	-67.48869987
8428486286.28629	-67.40936465
8448506206.20621	-67.61013838
8468526126.12613	-67.67688698
8488546046.04605	-67.70722129
8508565965.96597	-67.86107065
8528585885.88589	-67.80302331
8548605805.80581	-68.09527593
8568625725.72573	-68.07201027
8588645645.64565	-68.16525365
8608665565.56557	-68.32886796
8628685485.48549	-68.31626638
8648705405.40541	-68.45943809
8668725325.32533	-68.51391754
8688745245.24524	-68.60778373
8708765165.16516	-68.70874976
8728785085.08508	-68.7033884
8748805005.005	-68.86898298
8768824924.92492	-68.82518819
8788844844.84484	-68.99671662
8808864764.76476	-68.99976642
8828884684.68468	-69.17156483
8848904604.6046	-69.22926156
8868924524.52452	-69.19943294
8888944444.44444	-69.4608819
8908964364.36436	-69.31882259
8928984284.28428	-69.53105338
8949004204.2042	-69.56787383
8969024124.12412	-69.55761268
8989044044.04404	-69.73086251
9009063963.96396	-69.67899855
9029083883.88388	-69.88091535
9049103803.8038	-69.81177126
9069123723.72372	-69.7997038
9089143643.64364	-69.86475991
9109163563.56356	-69.79128693
9129183483.48348	-69.95450044
9149203403.4034	-69.79592023
9169223323.32332	-69.78253253
9189243243.24324	-69.92380575
9209263163.16316	-69.78445685
9229283083.08308	-69.96285036
9249303003.003	-69.76175231
9269322922.92292	-69.85293308
9289342842.84284	-69.90444349
9309362762.76276	-69.75422927
9329382682.68268	-69.90346819
9349402602.6026	-69.74355997
9369422522.52252	-69.79117037
9389442442.44244	-69.90354615
9409462362.36236	-69.75995084
9429482282.28228	-69.83030156
9449502202.2022	-69.7437776
9469522122.12212	-69.82224282
9489542042.04204	-69.72465701
9509561961.96196	-69.69962426
9529581881.88188	-69.73521442
9549601801.8018	-69.6820211
9569621721.72172	-69.65945596
9589641641.64164	-69.62525217
9609661561.56156	-69.6689587
9629681481.48148	-69.61621039
9649701401.4014	-69.65490581
9669721321.32132	-69.66306856
9689741241.24124	-69.69888164
9709761161.16116	-69.73877355
9729781081.08108	-69.67404807
9749801001.001	-69.66034308
9769820920.92092	-69.64823009
9789840840.84084	-69.6526391
9809860760.76076	-69.63345742
9829880680.68068	-69.58765753
9849900600.6006	-69.71001772
9869920520.52052	-69.65522421
9889940440.44044	-69.71885196
9909960360.36036	-69.66329372
9929980280.28028	-69.64738345
9950000200.2002	-69.67004056
9970020120.12012	-69.75111519
9990040040.04004	-69.74149257
10010059959.96	-69.73448039
10030079879.8799	-69.75613273
10050099799.7998	-69.81345832
10070119719.7197	-69.82493023
10090139639.6396	-69.77392428
10110159559.5596	-69.86357235
10130179479.4795	-69.96981181
10150199399.3994	-69.84323475
10170219319.3193	-70.00566133
10190239239.2392	-70.03429526
10210259159.1592	-70.03018793
10230279079.0791	-69.99619236
10250298998.999	-69.99882566
10270318918.9189	-70.13718144
10290338838.8388	-70.15340952
10310358758.7588	-70.22458487
10330378678.6787	-70.23885564
10350398598.5986	-70.24291144
10370418518.5185	-70.27765243
10390438438.4384	-70.2046168
10410458358.3584	-70.16040897
10430478278.2783	-70.24543238
10450498198.1982	-70.32059892
10470518118.1181	-70.33556492
10490538038.038	-70.37221022
10510557957.958	-70.3987008
10530577877.8779	-70.50349245
10550597797.7978	-70.45724
10570617717.7177	-70.48465181
10590637637.6376	-70.57278357
10610657557.5576	-70.7165146
10630677477.4775	-70.82931773
10650697397.3974	-70.81890739
10670717317.3173	-70.86533687
10690737237.2372	-70.8675672
10710757157.1572	-70.84312258
10730777077.0771	-70.8129988
10750796996.997	-70.82244633
10770816916.9169	-70.81382649
10790836836.8368	-70.91743595
10810856756.7568	-70.84657996
10830876676.6767	-70.92000907
10850896596.5966	-70.87737956
10870916516.5165	-70.91094899
10890936436.4364	-70.93380483
10910956356.3564	-70.93629961
10930976276.2763	-71.09644298
10950996196.1962	-71.06085776
10971016116.1161	-71.20644845
10991036036.036	-71.38595099
11011055955.956	-71.32361332
11031075875.8759	-71.35385752
11051095795.7958	-71.35609762
11071115715.7157	-71.33197744
11091135635.6356	-71.464252
11111155555.5556	-71.37854755
11131175475.4755	-71.53667941
11151195395.3954	-71.6201608
11171215315.3153	-71.52020354
11191235235.2352	-71.52871653
11211255155.1552	-71.49011075
11231275075.0751	-71.56241132
11251294994.995	-71.44120687
11271314914.9149	-71.64210053
11291334834.8348	-71.69248679
11311354754.7548	-71.66482576
11331374674.6747	-71.79941926
11351394594.5946	-71.74890972
11371414514.5145	-71.8575594
11391434434.4344	-71.8358856
11411454354.3544	-71.77570035
11431474274.2743	-71.888506
11451494194.1942	-71.92919227
11471514114.1141	-72.05771319
11491534034.034	-71.98989087
11511553953.954	-72.00235693
11531573873.8739	-72.02997111
11551593793.7938	-72.07453362
11571613713.7137	-71.98279702
11591633633.6336	-72.02321907
11611653553.5536	-72.16794419
11631673473.4735	-72.20736662
11651693393.3934	-72.24642407
11671713313.3133	-72.19447631
11691733233.2332	-72.27405317
11711753153.1532	-72.37130326
11731773073.0731	-72.25026745
11751792992.993	-72.3472983
11771812912.9129	-72.28721393
11791832832.8328	-72.46303312
11811852752.7528	-72.55517129
11831872672.6727	-72.5397566
11851892592.5926	-72.59768251
11871912512.5125	-72.49045878
11891932432.4324	-72.59649721
11911952352.3524	-72.60052844
11931972272.2723	-72.63709021
11951992192.1922	-72.76632463
11972012112.1121	-72.61834506
11992032032.032	-72.91890508
12012051951.952	-72.75285565
12032071871.8719	-72.73863495
12052091791.7918	-72.81413768
12072111711.7117	-72.71503968
12092131631.6316	-72.84614327
12112151551.5516	-72.74617799
12132171471.4715	-72.98138036
12152191391.3914	-72.97975727
12172211311.3113	-72.91984768
12192231231.2312	-72.9807328
12212251151.1512	-72.89988442
12232271071.0711	-72.95613753
12252290990.991	-73.02093577
12272310910.9109	-73.15881342
12292330830.8308	-73.17877136
12312350750.7507	-73.09550178
12332370670.6707	-73.23347305
12352390590.5906	-73.21239435
12372410510.5105	-73.28320884
12392430430.4304	-73.29689376
12412450350.3503	-73.17632011
12432470270.2703	-73.38222332
12452490190.1902	-73.3692617
12472510110.1101	-73.34512486
12492530030.03	-73.52567159
12512549949.9499	-73.45154027
12532569869.8699	-73.40641065
12552589789.7898	-73.29733946
12572609709.7097	-73.32594518
12592629629.6296	-73.46630197
12612649549.5495	-73.41530141
12632669469.4695	-73.4102694
12652689389.3894	-73.67384685
12672709309.3093	-73.69044702
12692729229.2292	-73.52992581
12712749149.1491	-73.67583729
12732769069.0691	-73.55353443
12752788988.989	-73.51173825
12772808908.9089	-73.61277124
12792828828.8288	-73.55454323
12812848748.7487	-73.63756724
12832868668.6687	-73.72002466
12852888588.5886	-73.75528807
12872908508.5085	-73.84300161
12892928428.4284	-73.75793957
12912948348.3483	-73.84110035
12932968268.2683	-73.92395817
12952988188.1882	-73.94617583
12973008108.1081	-74.0181052
12993028028.028	-74.10400986
13013047947.9479	-74.35694236
13033067867.8679	-74.10850592
13053087787.7878	-74.09864293
13073107707.7077	-73.99340856
13093127627.6276	-74.1835722
13113147547.5475	-74.18165242
13133167467.4675	-74.19797597
13153187387.3874	-74.36861707
13173207307.3073	-74.40297025
13193227227.2272	-74.40245303
13213247147.1471	-74.25274017
13233267067.0671	-74.38840862
13253286986.987	-74.312082
13273306906.9069	-74.37782067
13293326826.8268	-74.68348507
13313346746.7467	-74.56604718
13333366666.6667	-74.57079108
13353386586.5866	-74.5345805
13373406506.5065	-74.65831832
13393426426.4264	-74.59461494
13413446346.3463	-74.67638071
13433466266.2663	-74.798661
13453486186.1862	-74.8568345
13473506106.1061	-74.7894651
13493526026.026	-74.95123317
13513545945.9459	-74.74724027
13533565865.8659	-75.07606794
13553585785.7858	-74.93774823
13573605705.7057	-74.99001602
13593625625.6256	-74.91426325
13613645545.5455	-75.19395654
13633665465.4655	-75.06974238
13653685385.3854	-75.06540625
13673705305.3053	-75.19112756
13693725225.2252	-75.21133044
13713745145.1451	-75.35844868
13733765065.0651	-75.34669819
13753784984.985	-75.28467669
13773804904.9049	-75.29759697
13793824824.8248	-75.44369929
13813844744.7447	-75.47486498
13833864664.6647	-75.22590168
13853884584.5846	-75.31441593
13873904504.5045	-75.45967966
13893924424.4244	-75.44715218
13913944344.3443	-75.53697132
13933964264.2643	-75.5105077
13953984184.1842	-75.59626617
13974004104.1041	-75.51212747
13994024024.024	-75.7155869
14014043943.9439	-75.61403938
14034063863.8639	-75.77161901
14054083783.7838	-75.63954768
14074103703.7037	-75.75004977
14094123623.6236	-75.76510972
14114143543.5435	-75.85269802
14134163463.4635	-75.74173396
14154183383.3834	-75.84771942
14174203303.3033	-75.77314386
14194223223.2232	-76.02375708
14214243143.1431	-75.94965581
14234263063.0631	-75.89211971
14254282982.983	-75.89459739
14274302902.9029	-75.83379883
14294322822.8228	-76.1626591
14314342742.7427	-76.0448734
14334362662.6627	-75.9560518
14354382582.5826	-76.05300571
14374402502.5025	-76.10285315
14394422422.4224	-76.18967056
14414442342.3423	-76.30885119
14434462262.2623	-76.28162083
14454482182.1822	-76.50126287
14474502102.1021	-76.51700847
14494522022.022	-76.30805114
14514541941.9419	-76.60985839
14534561861.8619	-76.37291203
14554581781.7818	-76.47321284
14574601701.7017	-76.3728893
14594621621.6216	-76.38804603
14614641541.5415	-76.46663128
14634661461.4615	-76.41084308
14654681381.3814	-76.50799964
14674701301.3013	-76.52867504
14694721221.2212	-76.55890528
14714741141.1411	-76.46803531
14734761061.0611	-76.63858309
14754780980.981	-76.70995855
14774800900.9009	-76.63556731
14794820820.8208	-76.70972955
14814840740.7407	-76.72311001
14834860660.6607	-76.75035269
14854880580.5806	-76.84647955
14874900500.5005	-76.976977
14894920420.4204	-77.10125006
14914940340.3403	-76.89605166
14934960260.2603	-77.13678582
14954980180.1802	-76.93977787
14975000100.1001	-76.96603064
14995020020.02	-77.05898307
15015039939.9399	-77.23232842
15035059859.8599	-77.25180628
15055079779.7798	-77.14507879
15075099699.6997	-77.24658178
15095119619.6196	-77.15413654
15115139539.5395	-77.08096904
15135159459.4595	-77.18723966
15155179379.3794	-77.24009551
15175199299.2993	-77.32769386
15195219219.2192	-77.28191246
15215239139.1391	-77.44824437
15235259059.0591	-77.43748631
15255278978.979	-77.49110143
15275298898.8989	-77.61482294
15295318818.8188	-77.57930976
15315338738.7387	-77.77903958
15335358658.6587	-77.60504446
15355378578.5786	-77.78247676
15375398498.4985	-77.80844202
15395418418.4184	-77.72076883
15415438338.3383	-77.76436704
15435458258.2583	-77.8497115
15455478178.1782	-77.73439955
15475498098.0981	-77.83244295
15495518018.018	-77.88556563
15515537937.9379	-78.03608662
15535557857.8579	-77.90938792
15555577777.7778	-78.04528532
15575597697.6977	-78.19424835
15595617617.6176	-78.18844447
15615637537.5375	-78.16746548
15635657457.4575	-78.33285721
15655677377.3774	-78.67240102
15675697297.2973	-78.44036826
15695717217.2172	-78.31148032
15715737137.1371	-78.45141268
15735757057.0571	-78.55547199
15755776976.977	-78.5191456
15775796896.8969	-78.48029152
15795816816.8168	-78.5521796
15815836736.7367	-78.56135828
15835856656.6567	-78.57045676
15855876576.5766	-78.72603974
15875896496.4965	-78.65747029
15895916416.4164	-78.86696229
15915936336.3363	-79.02943516
15935956256.2563	-78.82479623
15955976176.1762	-78.9403652
15975996096.0961	-79.0567252
15996016016.016	-79.36472372
16016035935.9359	-79.42791522
16036055855.8559	-79.26217473
16056075775.7758	-79.92080255
16076095695.6957	-79.41321863
16096115615.6156	-79.67391503
16116135535.5355	-79.44661686
16136155455.4555	-79.38525997
16156175375.3754	-79.6355721
16176195295.2953	-79.38899989
16196215215.2152	-79.46694645
16216235135.1351	-79.34520719
16236255055.0551	-79.46233928
16256274974.975	-79.50229365
16276294894.8949	-79.60248871
16296314814.8148	-79.84003299
16316334734.7347	-79.4281081
16336354654.6547	-80.03911474
16356374574.5746	-80.09129598
16376394494.4945	-80.0790194
16396414414.4144	-80.48707291
16416434334.3343	-80.20548579
16436454254.2543	-80.17880843
16456474174.1742	-80.30176948
16476494094.0941	-80.30886626
16496514014.014	-80.51332226
16516533933.9339	-80.07122734
16536553853.8539	-80.03235495
16556573773.7738	-80.27338347
16576593693.6937	-80.35582705
16596613613.6136	-80.15800667
16616633533.5335	-80.26638523
16636653453.4535	-80.52487248
16656673373.3734	-80.37108989
16676693293.2933	-80.67714216
16696713213.2132	-80.90424649
16716733133.1331	-80.80057224
16736753053.0531	-80.76360987
16756772972.973	-80.54614709
16776792892.8929	-80.61849442
16796812812.8128	-80.75846756
16816832732.7327	-80.6585696
16836852652.6527	-80.70963194
16856872572.5726	-80.7879675
16876892492.4925	-80.75946792
16896912412.4124	-80.6484687
16916932332.3323	-80.95192111
16936952252.2523	-80.52917941
16956972172.1722	-80.83928697
16976992092.0921	-81.01876221
16997012012.012	-80.92316661
17017031931.9319	-81.05666106
17037051851.8519	-81.22343239
17057071771.7718	-81.01523244
17077091691.6917	-81.19821247
17097111611.6116	-80.90785458
17117131531.5315	-81.63025172
17137151451.4515	-81.50272064
17157171371.3714	-81.48666368
17177191291.2913	-81.72892887
17197211211.2112	-81.52750739
17217231131.1311	-81.52345555
17237251051.0511	-81.49720388
17257270970.971	-81.593405
17277290890.8909	-81.41571468
17297310810.8108	-81.53549984
17317330730.7307	-81.4572155
17337350650.6507	-81.6067008
17357370570.5706	-82.01801317
17377390490.4905	-82.0943466
17397410410.4104	-81.98126481
17417430330.3303	-81.85001839
17437450250.2502	-81.91311297
17457470170.1702	-82.11736022
17477490090.0901	-81.79635137
17497510010.01	-82.09172266
17517529929.9299	-82.10006035
17537549849.8498	-82.44287764
17557569769.7698	-82.57686225
17577589689.6897	-82.08951967
17597609609.6096	-82.06442927
17617629529.5295	-82.10125588
17637649449.4494	-82.24098574
17657669369.3694	-82.38012384
17677689289.2893	-81.83650045
17697709209.2092	-82.42810102
17717729129.1291	-82.85159152
17737749049.049	-82.25456184
17757768968.969	-82.4966221
17777788888.8889	-82.41922661
17797808808.8088	-82.28743566
17817828728.7287	-82.48204119
17837848648.6486	-82.74750528
17857868568.5686	-83.10322854
17877888488.4885	-82.93856172
17897908408.4084	-83.52895996
17917928328.3283	-82.72082691
17937948248.2482	-82.6824422
17957968168.1682	-82.92072701
17977988088.0881	-82.65219107
17998008008.008	-82.55594156
18018027927.9279	-82.48094572
18038047847.8478	-82.89563859
18058067767.7678	-82.72157225
18078087687.6877	-82.3901666
18098107607.6076	-82.74547094
18118127527.5275	-82.77470968
18138147447.4474	-82.91178968
18158167367.3674	-82.90366207
18178187287.2873	-83.33755281
18198207207.2072	-83.64619472
18218227127.1271	-83.0134806
18238247047.047	-83.26032093
18258266966.967	-82.40540252
18278286886.8869	-83.01862657
18298306806.8068	-82.68559838
18318326726.7267	-82.65874585
18338346646.6466	-82.80138093
18358366566.5666	-82.42353741
18378386486.4865	-82.84151963
18398406406.4064	-82.48792474
18418426326.3263	-82.46957783
18438446246.2462	-82.8303371
18458466166.1662	-83.07269085
18478486086.0861	-83.11457659
18498506006.006	-83.51363553
18518525925.9259	-83.60214046
18538545845.8458	-84.04081082
18558565765.7658	-83.25887986
18578585685.6857	-83.03942653
18598605605.6056	-83.21453545
18618625525.5255	-82.81013783
18638645445.4454	-82.7034031
18658665365.3654	-82.73347425
18678685285.2853	-82.93425382
18698705205.2052	-82.56850674
18718725125.1251	-82.5676984
18738745045.045	-82.44533841
18758764964.965	-82.95187714
18778784884.8849	-82.86882254
18798804804.8048	-83.36802053
18818824724.7247	-83.42079392
18838844644.6446	-84.50747505
18858864564.5646	-83.65188041
18878884484.4845	-84.01513069
18898904404.4044	-83.74876667
18918924324.3243	-82.82616753
18938944244.2442	-83.44989456
18958964164.1642	-83.56526452
18978984084.0841	-83.31742749
18999004004.004	-83.70293084
19019023923.9239	-83.55636247
19039043843.8438	-83.33065718
19059063763.7638	-83.62009266
19079083683.6837	-83.4153769
19099103603.6036	-83.27245349
19119123523.5235	-83.53315672
19139143443.4434	-83.32407856
19159163363.3634	-84.10576939
19179183283.2833	-84.27525069
19199203203.2032	-84.00582339
19219223123.1231	-84.24157204
19239243043.043	-83.8860343
19259262962.963	-83.88745019
19279282882.8829	-84.24287482
19299302802.8028	-83.90716101
19319322722.7227	-84.12539666
19339342642.6426	-84.3138329
19359362562.5626	-84.62217717
19379382482.4825	-84.39161694
19399402402.4024	-84.745321
19419422322.3223	-83.58724434
19439442242.2422	-83.7157376
19459462162.1622	-83.89256581
19479482082.0821	-83.74640391
19499502002.002	-83.95790003
19519521921.9219	-84.31632129
19539541841.8418	-84.31786552
19559561761.7618	-84.27125608
19579581681.6817	-84.70446044
19599601601.6016	-84.59890874
19619621521.5215	-84.76318185
19639641441.4414	-84.98100057
19659661361.3614	-85.72938225
19679681281.2813	-85.68178047
19699701201.2012	-85.9204409
19719721121.1211	-85.38490316
19739741041.041	-84.89431915
19759760960.961	-84.41295525
19779780880.8809	-84.5379341
19799800800.8008	-84.57463419
19819820720.7207	-84.51575433
19839840640.6406	-84.97951111
19859860560.5606	-84.74090447
19879880480.4805	-84.95187724
19899900400.4004	-85.31666524
19919920320.3203	-85.06783676
19939940240.2402	-84.83670268
19959960160.1602	-85.60403332
19979980080.0801	-85.71954284
20000000000	-85.70045806
