# S12_frequency_set	VNA_S12_trace
# "S12 frequency"	"S12 magnitude"
# 1000
100000	-55.7008695
20119919.9199199	-93.65232945
40139839.8398398	-78.04399616
60159759.7597598	-106.0191158
80179679.6796797	-103.8415614
100199599.5996	-107.8261515
120219519.51952	-105.615591
140239439.439439	-103.2905174
160259359.359359	-101.6457565
180279279.279279	-105.5982627
200299199.199199	-110.0255487
220319119.119119	-110.4466313
240339039.039039	-119.4174995
260358958.958959	-109.9520472
280378878.878879	-111.4041024
300398798.798799	-109.2590908
320418718.718719	-107.8772793
340438638.638639	-128.669092
360458558.558559	-116.6077517
380478478.478478	-112.1735355
400498398.398398	-109.6381024
420518318.318318	-120.6445308
440538238.238238	-122.10537
460558158.158158	-108.458518
480578078.078078	-103.8944898
500597997.997998	-110.7906095
520617917.917918	-103.9600534
540637837.837838	-106.1618719
560657757.757758	-107.1671792
580677677.677678	-112.9548166
600697597.597598	-118.1502278
620717517.517517	-113.23107
640737437.437437	-115.3971747
660757357.357357	-109.1068223
680777277.277277	-108.7967985
700797197.197197	-115.6135157
720817117.117117	-104.9367518
740837037.037037	-110.145453
760856956.956957	-111.1909545
780876876.876877	-112.5699601
800896796.796797	-107.2864421
820916716.716717	-112.1568217
840936636.636637	-109.9116707
860956556.556557	-107.5131377
880976476.476476	-114.6492643
900996396.396396	-107.6909751
921016316.316316	-124.1857476
941036236.236236	-108.1828114
961056156.156156	-122.2317014
981076076.076076	-116.667072
1001095995.996	-110.3805013
1021115915.91592	-111.7186737
1041135835.83584	-106.5700191
1061155755.75576	-115.3702075
1081175675.67568	-112.8405921
1101195595.5956	-108.1977582
1121215515.51552	-109.2883317
1141235435.43544	-115.7120908
1161255355.35536	-106.7740468
1181275275.27528	-107.5032025
1201295195.1952	-112.064003
1221315115.11512	-112.9252685
1241335035.03503	-115.8787548
1261354954.95495	-112.8822298
1281374874.87487	-114.7162205
1301394794.79479	-115.9251138
1321414714.71471	-108.091377
1341434634.63463	-106.2998377
1361454554.55455	-112.0842093
1381474474.47447	-104.6475087
1401494394.39439	-111.7485152
1421514314.31431	-108.5582112
1441534234.23423	-109.3860791
1461554154.15415	-107.150077
1481574074.07407	-112.1644725
1501593993.99399	-116.8336169
1521613913.91391	-110.2179789
1541633833.83383	-109.88533
1561653753.75375	-112.3945634
1581673673.67367	-105.7666123
1601693593.59359	-118.8928905
1621713513.51351	-105.4088935
1641733433.43343	-107.1207757
1661753353.35335	-106.1183486
1681773273.27327	-112.9500939
1701793193.19319	-112.7095991
1721813113.11311	-108.7345505
1741833033.03303	-113.057429
1761852952.95295	-108.8627351
1781872872.87287	-107.9729213
1801892792.79279	-110.1807234
1821912712.71271	-107.3467318
1841932632.63263	-107.7375177
1861952552.55255	-108.5657312
1881972472.47247	-110.7733442
1901992392.39239	-126.0440474
1922012312.31231	-119.3376796
1942032232.23223	-105.3654449
1962052152.15215	-110.9866783
1982072072.07207	-109.8912768
2002091991.99199	-111.5552275
2022111911.91191	-108.3270143
2042131831.83183	-117.2874747
2062151751.75175	-108.2305605
2082171671.67167	-109.2454959
2102191591.59159	-108.7439177
2122211511.51151	-106.4473993
2142231431.43143	-106.1778973
2162251351.35135	-112.8075421
2182271271.27127	-109.5617198
2202291191.19119	-107.9133266
2222311111.11111	-110.1411043
2242331031.03103	-113.9263738
2262350950.95095	-107.2868656
2282370870.87087	-106.0817287
2302390790.79079	-113.7283435
2322410710.71071	-107.5159248
2342430630.63063	-107.9081889
2362450550.55055	-107.1636257
2382470470.47047	-115.1187437
2402490390.39039	-115.5564393
2422510310.31031	-105.6464818
2442530230.23023	-104.8644676
2462550150.15015	-113.6254277
2482570070.07007	-105.4748805
2502589989.98999	-110.079295
2522609909.90991	-121.1150045
2542629829.82983	-111.3098216
2562649749.74975	-114.3439416
2582669669.66967	-113.1632257
2602689589.58959	-109.5630425
2622709509.50951	-116.022892
2642729429.42943	-116.250732
2662749349.34935	-109.9200125
2682769269.26927	-106.2872008
2702789189.18919	-111.3568407
2722809109.10911	-109.045102
2742829029.02903	-106.9615849
2762848948.94895	-115.0108092
2782868868.86887	-109.4321052
2802888788.78879	-106.2422908
2822908708.70871	-108.5284432
2842928628.62863	-109.6938909
2862948548.54855	-108.6289731
2882968468.46847	-110.3715137
2902988388.38839	-113.5117927
2923008308.30831	-106.2569067
2943028228.22823	-112.6187647
2963048148.14815	-111.5801869
2983068068.06807	-118.26806
3003087987.98799	-111.0128701
3023107907.90791	-106.5440734
3043127827.82783	-110.6086765
3063147747.74775	-107.6311183
3083167667.66767	-113.3691816
3103187587.58759	-107.9132135
3123207507.50751	-108.5938973
3143227427.42743	-109.0766446
3163247347.34735	-112.8692577
3183267267.26727	-111.3788389
3203287187.18719	-119.0539434
3223307107.10711	-112.1216685
3243327027.02703	-110.3678714
3263346946.94695	-109.2026495
3283366866.86687	-107.7188059
3303386786.78679	-106.5131851
3323406706.70671	-110.4234852
3343426626.62663	-113.6784176
3363446546.54655	-107.3021244
3383466466.46647	-115.1583806
3403486386.38639	-110.7701926
3423506306.30631	-110.6516857
3443526226.22623	-111.3907605
3463546146.14615	-108.440469
3483566066.06607	-104.4966671
3503585985.98599	-106.2568027
3523605905.90591	-107.6370064
3543625825.82583	-112.6064068
3563645745.74575	-115.1348629
3583665665.66567	-107.7548898
3603685585.58559	-111.8691004
3623705505.50551	-107.4591891
3643725425.42543	-107.3034747
3663745345.34535	-113.6794551
3683765265.26526	-106.3253702
3703785185.18518	-112.2117782
3723805105.1051	-111.0869118
3743825025.02502	-112.4195808
3763844944.94494	-121.3396438
3783864864.86486	-108.4606681
3803884784.78478	-110.4489366
3823904704.7047	-114.88442
3843924624.62462	-109.157652
3863944544.54454	-109.75394
3883964464.46446	-113.2832405
3903984384.38438	-111.5809205
3924004304.3043	-110.9926817
3944024224.22422	-110.1714802
3964044144.14414	-110.5478966
3984064064.06406	-110.6545604
4004083983.98398	-108.8831019
4024103903.9039	-111.3341325
4044123823.82382	-109.3350108
4064143743.74374	-111.4391258
4084163663.66366	-109.0271377
4104183583.58358	-108.5232147
4124203503.5035	-109.4378523
4144223423.42342	-116.2964509
4164243343.34334	-110.2775742
4184263263.26326	-111.8954427
4204283183.18318	-115.2016098
4224303103.1031	-110.8668888
4244323023.02302	-106.6579501
4264342942.94294	-111.469874
4284362862.86286	-109.0299671
4304382782.78278	-106.4580076
4324402702.7027	-112.2625976
4344422622.62262	-108.7066629
4364442542.54254	-109.1899123
4384462462.46246	-110.7078541
4404482382.38238	-109.5263684
4424502302.3023	-108.4464195
4444522222.22222	-118.6505004
4464542142.14214	-110.0378102
4484562062.06206	-111.7421512
4504581981.98198	-112.1319828
4524601901.9019	-117.9339183
4544621821.82182	-108.8142411
4564641741.74174	-107.9716577
4584661661.66166	-107.9142912
4604681581.58158	-111.775161
4624701501.5015	-108.4320396
4644721421.42142	-107.4610699
4664741341.34134	-111.9105346
4684761261.26126	-112.5601104
4704781181.18118	-116.2969728
4724801101.1011	-108.1377634
4744821021.02102	-115.3876469
4764840940.94094	-106.7532803
4784860860.86086	-115.5365869
4804880780.78078	-111.3282963
4824900700.7007	-114.2193661
4844920620.62062	-109.6540223
4864940540.54054	-111.8885853
4884960460.46046	-108.9048074
4904980380.38038	-109.5131525
4925000300.3003	-108.2599587
4945020220.22022	-118.3529225
4965040140.14014	-109.8123084
4985060060.06006	-112.8190599
5005079979.97998	-110.9194563
5025099899.8999	-111.6461567
5045119819.81982	-111.275949
5065139739.73974	-108.4210719
5085159659.65966	-107.1321432
5105179579.57958	-109.3336349
5125199499.4995	-115.743397
5145219419.41942	-107.499926
5165239339.33934	-112.9170387
5185259259.25926	-110.8892911
5205279179.17918	-111.5309219
5225299099.0991	-106.573458
5245319019.01902	-112.3168395
5265338938.93894	-109.3476418
5285358858.85886	-107.6122381
5305378778.77878	-107.2652085
5325398698.6987	-109.5818057
5345418618.61862	-110.9518419
5365438538.53854	-111.3163464
5385458458.45846	-111.763539
5405478378.37838	-110.1117784
5425498298.2983	-111.2874601
5445518218.21822	-113.1532114
5465538138.13814	-108.9577926
5485558058.05806	-108.196914
5505577977.97798	-108.4698487
5525597897.8979	-112.4561875
5545617817.81782	-111.849127
5565637737.73774	-108.1325462
5585657657.65766	-109.7948323
5605677577.57758	-109.4249052
5625697497.4975	-109.6577173
5645717417.41742	-108.8053361
5665737337.33734	-114.0807755
5685757257.25726	-113.7893904
5705777177.17718	-111.1091655
5725797097.0971	-109.1367429
5745817017.01702	-110.1736391
5765836936.93694	-109.1395521
5785856856.85686	-107.0070655
5805876776.77678	-110.0038537
5825896696.6967	-111.1307563
5845916616.61662	-109.4983517
5865936536.53654	-111.1273853
5885956456.45646	-111.9584732
5905976376.37638	-112.3016406
5925996296.2963	-116.1969019
5946016216.21622	-112.3900186
5966036136.13614	-110.3739368
5986056056.05606	-110.239082
6006075975.97598	-111.1022372
6026095895.8959	-111.530932
6046115815.81582	-119.8483023
6066135735.73574	-107.8622675
6086155655.65566	-119.7947408
6106175575.57558	-107.5654961
6126195495.49549	-116.4515267
6146215415.41541	-113.0216923
6166235335.33533	-106.3637911
6186255255.25525	-111.2553502
6206275175.17517	-112.7162513
6226295095.09509	-110.8602532
6246315015.01501	-108.4104355
6266334934.93493	-108.1807555
6286354854.85485	-111.1709215
6306374774.77477	-117.4315991
6326394694.69469	-112.2002021
6346414614.61461	-113.5042805
6366434534.53453	-113.6315305
6386454454.45445	-114.645464
6406474374.37437	-113.3005427
6426494294.29429	-113.1490066
6446514214.21421	-107.3920209
6466534134.13413	-110.9781404
6486554054.05405	-106.8097925
6506573973.97397	-108.8189122
6526593893.89389	-113.7855797
6546613813.81381	-114.5003868
6566633733.73373	-109.3346334
6586653653.65365	-114.9304713
6606673573.57357	-114.7590655
6626693493.49349	-109.4615711
6646713413.41341	-109.1031104
6666733333.33333	-109.455186
6686753253.25325	-105.2008166
6706773173.17317	-111.7304615
6726793093.09309	-109.6513466
6746813013.01301	-120.1882821
6766832932.93293	-107.9172723
6786852852.85285	-112.6096316
6806872772.77277	-113.6714975
6826892692.69269	-130.5356317
6846912612.61261	-108.0318996
6866932532.53253	-111.3040089
6886952452.45245	-113.7320799
6906972372.37237	-108.3172017
6926992292.29229	-110.748978
6947012212.21221	-109.95851
6967032132.13213	-105.3131577
6987052052.05205	-118.4390714
7007071971.97197	-114.0536458
7027091891.89189	-110.9147076
7047111811.81181	-129.4830169
7067131731.73173	-113.1813234
7087151651.65165	-106.69245
7107171571.57157	-111.4238952
7127191491.49149	-108.4167132
7147211411.41141	-114.064682
7167231331.33133	-110.1329199
7187251251.25125	-113.3890032
7207271171.17117	-121.2787395
7227291091.09109	-119.885596
7247311011.01101	-111.2658056
7267330930.93093	-110.2210514
7287350850.85085	-111.1632459
7307370770.77077	-104.6837074
7327390690.69069	-108.5547325
7347410610.61061	-109.669831
7367430530.53053	-114.1567579
7387450450.45045	-114.4132563
7407470370.37037	-125.6346933
7427490290.29029	-116.6848256
7447510210.21021	-107.6103878
7467530130.13013	-110.4657985
7487550050.05005	-111.9865845
7507569969.96997	-110.498021
7527589889.88989	-106.6001777
7547609809.80981	-114.3162025
7567629729.72973	-112.5348337
7587649649.64965	-114.0302016
7607669569.56957	-111.8481138
7627689489.48949	-112.1692324
7647709409.40941	-106.7506723
7667729329.32933	-108.7176723
7687749249.24925	-113.2257966
7707769169.16917	-111.0417114
7727789089.08909	-109.9011526
7747809009.00901	-108.5263969
7767828928.92893	-115.3044223
7787848848.84885	-109.5606375
7807868768.76877	-108.7291813
7827888688.68869	-105.831194
7847908608.60861	-110.3540068
7867928528.52853	-113.2777107
7887948448.44845	-111.8608837
7907968368.36837	-109.7311633
7927988288.28829	-113.6629879
7948008208.20821	-110.2201749
7968028128.12813	-112.1314607
7988048048.04805	-111.8029291
8008067967.96797	-109.0627517
8028087887.88789	-106.1603934
8048107807.80781	-117.1668385
8068127727.72773	-111.6801208
8088147647.64765	-115.5916419
8108167567.56757	-107.7039877
8128187487.48749	-112.8143315
8148207407.40741	-111.9106475
8168227327.32733	-130.9277257
8188247247.24725	-117.1341165
8208267167.16717	-112.3830037
8228287087.08709	-108.6855645
8248307007.00701	-113.5145202
8268326926.92693	-113.7595858
8288346846.84685	-113.9874434
8308366766.76677	-106.6035654
8328386686.68669	-106.7058656
8348406606.60661	-108.9705823
8368426526.52653	-115.2830651
8388446446.44645	-116.1729575
8408466366.36637	-110.5014346
8428486286.28629	-109.8641361
8448506206.20621	-125.6727387
8468526126.12613	-119.8153586
8488546046.04605	-115.5021028
8508565965.96597	-129.432551
8528585885.88589	-113.3622429
8548605805.80581	-109.5885799
8568625725.72573	-107.4708673
8588645645.64565	-115.6472854
8608665565.56557	-111.521412
8628685485.48549	-109.859556
8648705405.40541	-111.7398892
8668725325.32533	-109.1415701
8688745245.24524	-115.2895122
8708765165.16516	-111.318942
8728785085.08508	-109.1478739
8748805005.005	-111.1981902
8768824924.92492	-111.6834764
8788844844.84484	-106.6848568
8808864764.76476	-112.5452735
8828884684.68468	-113.8349782
8848904604.6046	-111.8577518
8868924524.52452	-109.2144987
8888944444.44444	-110.0239632
8908964364.36436	-112.2647549
8928984284.28428	-107.0581648
8949004204.2042	-111.0148742
8969024124.12412	-115.0231418
8989044044.04404	-112.2841945
9009063963.96396	-105.9395144
9029083883.88388	-113.6924931
9049103803.8038	-119.6595303
9069123723.72372	-112.0359437
9089143643.64364	-109.8753435
9109163563.56356	-118.7053797
9129183483.48348	-113.7674731
9149203403.4034	-121.7288087
9169223323.32332	-111.4608166
9189243243.24324	-114.5160377
9209263163.16316	-108.4447964
9229283083.08308	-107.1864549
9249303003.003	-112.6939141
9269322922.92292	-118.0315951
9289342842.84284	-113.3227463
9309362762.76276	-114.331764
9329382682.68268	-119.1024679
9349402602.6026	-113.866599
9369422522.52252	-110.7789502
9389442442.44244	-112.3529879
9409462362.36236	-113.2162588
9429482282.28228	-113.3468324
9449502202.2022	-116.6209417
9469522122.12212	-119.1469488
9489542042.04204	-128.5769658
9509561961.96196	-112.2285351
9529581881.88188	-110.5776892
9549601801.8018	-118.0928157
9569621721.72172	-110.9751425
9589641641.64164	-115.8242859
9609661561.56156	-110.6104226
9629681481.48148	-122.4109149
9649701401.4014	-108.0451855
9669721321.32132	-109.2299244
9689741241.24124	-108.1841092
9709761161.16116	-113.3778878
9729781081.08108	-117.0981879
9749801001.001	-113.2447572
9769820920.92092	-110.5187836
9789840840.84084	-108.979694
9809860760.76076	-110.7469251
9829880680.68068	-110.6616916
9849900600.6006	-109.8124138
9869920520.52052	-115.2122334
9889940440.44044	-118.0048955
9909960360.36036	-113.4991643
9929980280.28028	-109.2350319
9950000200.2002	-107.6222569
9970020120.12012	-108.2548337
9990040040.04004	-110.77022
10010059959.96	-112.1458592
10030079879.8799	-106.4441034
10050099799.7998	-114.8258927
10070119719.7197	-109.8197362
10090139639.6396	-109.3022449
10110159559.5596	-123.2347749
10130179479.4795	-111.3454817
10150199399.3994	-112.6479644
10170219319.3193	-114.4884694
10190239239.2392	-108.8490031
10210259159.1592	-114.5150204
10230279079.0791	-108.5655213
10250298998.999	-113.4081817
10270318918.9189	-113.7201071
10290338838.8388	-110.9629564
10310358758.7588	-113.7162113
10330378678.6787	-114.1028591
10350398598.5986	-111.8253552
10370418518.5185	-112.292704
10390438438.4384	-113.7602308
10410458358.3584	-110.9960847
10430478278.2783	-109.9898415
10450498198.1982	-108.8230531
10470518118.1181	-107.0428919
10490538038.038	-120.8593568
10510557957.958	-111.0539557
10530577877.8779	-116.0841773
10550597797.7978	-111.8558352
10570617717.7177	-110.2823226
10590637637.6376	-118.3641265
10610657557.5576	-116.4115223
10630677477.4775	-114.0720286
10650697397.3974	-111.2275875
10670717317.3173	-110.0972443
10690737237.2372	-106.4790453
10710757157.1572	-116.8840553
10730777077.0771	-111.4701411
10750796996.997	-115.3023062
10770816916.9169	-106.037421
10790836836.8368	-114.7745252
10810856756.7568	-114.0805906
10830876676.6767	-109.1826521
10850896596.5966	-112.1493429
10870916516.5165	-112.9957585
10890936436.4364	-110.2798043
10910956356.3564	-112.804039
10930976276.2763	-108.901698
10950996196.1962	-117.7159548
10971016116.1161	-107.5879286
10991036036.036	-107.4719512
11011055955.956	-108.9143136
11031075875.8759	-111.9729696
11051095795.7958	-107.8705649
11071115715.7157	-114.6272816
11091135635.6356	-107.9548788
11111155555.5556	-121.7413259
11131175475.4755	-116.7953609
11151195395.3954	-114.8998803
11171215315.3153	-110.8094384
11191235235.2352	-129.0679648
11211255155.1552	-111.3118724
11231275075.0751	-115.4108425
11251294994.995	-115.3267164
11271314914.9149	-110.1839104
11291334834.8348	-116.7101431
11311354754.7548	-117.519763
11331374674.6747	-118.470486
11351394594.5946	-105.5584654
11371414514.5145	-130.3568649
11391434434.4344	-112.8789493
11411454354.3544	-116.5249151
11431474274.2743	-109.0951321
11451494194.1942	-122.793368
11471514114.1141	-115.5331499
11491534034.034	-115.2051251
11511553953.954	-118.0421173
11531573873.8739	-112.821636
11551593793.7938	-114.9809014
11571613713.7137	-108.5355929
11591633633.6336	-116.2496245
11611653553.5536	-110.7501613
11631673473.4735	-114.6541399
11651693393.3934	-114.4555185
11671713313.3133	-119.7459076
11691733233.2332	-110.6386466
11711753153.1532	-117.019473
11731773073.0731	-114.3219696
11751792992.993	-121.8457813
11771812912.9129	-107.0148164
11791832832.8328	-119.167818
11811852752.7528	-107.582602
11831872672.6727	-119.5509311
11851892592.5926	-115.0185008
11871912512.5125	-126.2558035
11891932432.4324	-120.3846604
11911952352.3524	-120.0016135
11931972272.2723	-111.7878824
11951992192.1922	-109.6748831
11972012112.1121	-117.6652137
11992032032.032	-112.3653387
12012051951.952	-111.9456155
12032071871.8719	-121.065163
12052091791.7918	-111.5485633
12072111711.7117	-115.0874255
12092131631.6316	-110.2511712
12112151551.5516	-111.0364411
12132171471.4715	-130.3659586
12152191391.3914	-111.1884713
12172211311.3113	-109.1767734
12192231231.2312	-119.322687
12212251151.1512	-111.1067537
12232271071.0711	-108.2114893
12252290990.991	-116.1316595
12272310910.9109	-118.5910111
12292330830.8308	-111.1740801
12312350750.7507	-117.0850177
12332370670.6707	-115.1752818
12352390590.5906	-115.1601278
12372410510.5105	-110.2498742
12392430430.4304	-117.5621184
12412450350.3503	-108.8801282
12432470270.2703	-117.9373808
12452490190.1902	-111.4531526
12472510110.1101	-113.4687599
12492530030.03	-128.9081169
12512549949.9499	-113.9431317
12532569869.8699	-107.7651351
12552589789.7898	-117.9806324
12572609709.7097	-106.2547023
12592629629.6296	-113.3553546
12612649549.5495	-113.5831641
12632669469.4695	-118.9633661
12652689389.3894	-113.809477
12672709309.3093	-114.0367302
12692729229.2292	-111.0038351
12712749149.1491	-119.2599895
12732769069.0691	-114.3381304
12752788988.989	-119.1725263
12772808908.9089	-115.7388215
12792828828.8288	-115.3404457
12812848748.7487	-113.4602125
12832868668.6687	-113.1271187
12852888588.5886	-117.9558626
12872908508.5085	-120.3934408
12892928428.4284	-111.1716224
12912948348.3483	-112.3841406
12932968268.2683	-116.9046812
12952988188.1882	-122.1394787
12973008108.1081	-107.9298339
12993028028.028	-108.0393798
13013047947.9479	-108.3306391
13033067867.8679	-111.1753557
13053087787.7878	-121.0681783
13073107707.7077	-115.2810827
13093127627.6276	-114.0850778
13113147547.5475	-118.2904338
13133167467.4675	-114.3918908
13153187387.3874	-112.238589
13173207307.3073	-117.699969
13193227227.2272	-107.3525372
13213247147.1471	-104.8212751
13233267067.0671	-115.1557646
13253286986.987	-108.7486747
13273306906.9069	-113.8847723
13293326826.8268	-108.647023
13313346746.7467	-103.740982
13333366666.6667	-106.5473981
13353386586.5866	-107.5107152
13373406506.5065	-120.4603667
13393426426.4264	-115.108054
13413446346.3463	-105.5225508
13433466266.2663	-107.5560945
13453486186.1862	-106.814173
13473506106.1061	-109.3071283
13493526026.026	-109.014974
13513545945.9459	-110.8911625
13533565865.8659	-108.9673493
13553585785.7858	-115.9783815
13573605705.7057	-107.3319946
13593625625.6256	-116.6786081
13613645545.5455	-107.6177271
13633665465.4655	-122.750769
13653685385.3854	-108.9762442
13673705305.3053	-104.5333119
13693725225.2252	-107.0779491
13713745145.1451	-118.3675466
13733765065.0651	-113.7737516
13753784984.985	-107.5320995
13773804904.9049	-115.3981641
13793824824.8248	-109.0553933
13813844744.7447	-107.3495455
13833864664.6647	-111.7901324
13853884584.5846	-115.8709742
13873904504.5045	-108.1104312
13893924424.4244	-113.707427
13913944344.3443	-111.9296951
13933964264.2643	-107.9900917
13953984184.1842	-110.5078567
13974004104.1041	-108.864993
13994024024.024	-123.9132976
14014043943.9439	-116.6645403
14034063863.8639	-109.0023584
14054083783.7838	-110.1121822
14074103703.7037	-112.2857387
14094123623.6236	-107.7512533
14114143543.5435	-112.1449936
14134163463.4635	-113.8804846
14154183383.3834	-109.4292875
14174203303.3033	-114.349996
14194223223.2232	-115.9257095
14214243143.1431	-118.1586567
14234263063.0631	-110.8277666
14254282982.983	-110.065852
14274302902.9029	-109.4133869
14294322822.8228	-118.7064621
14314342742.7427	-117.8353366
14334362662.6627	-116.8981051
14354382582.5826	-108.0066975
14374402502.5025	-122.8190097
14394422422.4224	-108.4552993
14414442342.3423	-111.3908262
14434462262.2623	-118.4320539
14454482182.1822	-113.1658777
14474502102.1021	-115.6193276
14494522022.022	-110.0237773
14514541941.9419	-118.870336
14534561861.8619	-105.0792896
14554581781.7818	-115.6784478
14574601701.7017	-115.4593157
14594621621.6216	-119.5496804
14614641541.5415	-113.7046623
14634661461.4615	-110.5883877
14654681381.3814	-115.4334602
14674701301.3013	-109.3364708
14694721221.2212	-108.7137134
14714741141.1411	-109.3151186
14734761061.0611	-108.2236364
14754780980.981	-113.3689488
14774800900.9009	-109.6666141
14794820820.8208	-118.0042873
14814840740.7407	-109.7879878
14834860660.6607	-112.4898883
14854880580.5806	-106.2397226
14874900500.5005	-118.4156493
14894920420.4204	-106.6043704
14914940340.3403	-121.8696955
14934960260.2603	-110.7425184
14954980180.1802	-117.1329471
14975000100.1001	-110.7623224
14995020020.02	-125.6079902
15015039939.9399	-135.9647913
15035059859.8599	-115.9435526
15055079779.7798	-113.1075273
15075099699.6997	-107.6819374
15095119619.6196	-114.5699863
15115139539.5395	-109.5177584
15135159459.4595	-120.5713641
15155179379.3794	-114.3577693
15175199299.2993	-109.1715388
15195219219.2192	-111.3160351
15215239139.1391	-123.4993824
15235259059.0591	-111.9822562
15255278978.979	-117.9149198
15275298898.8989	-117.4340831
15295318818.8188	-108.345298
15315338738.7387	-115.3471479
15335358658.6587	-108.863691
15355378578.5786	-116.6922132
15375398498.4985	-120.695949
15395418418.4184	-114.770398
15415438338.3383	-113.6725634
15435458258.2583	-110.442414
15455478178.1782	-117.4928918
15475498098.0981	-114.8841413
15495518018.018	-108.3332214
15515537937.9379	-104.5467307
15535557857.8579	-116.696305
15555577777.7778	-111.0636635
15575597697.6977	-110.2184882
15595617617.6176	-113.2518421
15615637537.5375	-114.6992793
15635657457.4575	-115.59986
15655677377.3774	-121.5386084
15675697297.2973	-114.9717911
15695717217.2172	-116.936042
15715737137.1371	-115.1588653
15735757057.0571	-115.9748713
15755776976.977	-114.4163911
15775796896.8969	-109.5713221
15795816816.8168	-111.8669982
15815836736.7367	-114.8800938
15835856656.6567	-107.5825617
15855876576.5766	-110.1710328
15875896496.4965	-107.8410445
15895916416.4164	-116.3319871
15915936336.3363	-122.5977944
15935956256.2563	-114.3529592
15955976176.1762	-112.0199847
15975996096.0961	-118.2035293
15996016016.016	-118.0958981
16016035935.9359	-112.7622797
16036055855.8559	-110.4201006
16056075775.7758	-116.7519
16076095695.6957	-116.8816833
16096115615.6156	-112.999402
16116135535.5355	-124.7203696
16136155455.4555	-112.951724
16156175375.3754	-111.8846229
16176195295.2953	-120.0266079
16196215215.2152	-122.450792
16216235135.1351	-114.9630058
16236255055.0551	-112.3120255
16256274974.975	-115.7739516
16276294894.8949	-109.6974353
16296314814.8148	-118.154473
16316334734.7347	-110.721945
16336354654.6547	-109.3648128
16356374574.5746	-109.2562924
16376394494.4945	-112.9174044
16396414414.4144	-109.7459202
16416434334.3343	-129.7168773
16436454254.2543	-116.9732607
16456474174.1742	-108.3939138
16476494094.0941	-108.3420005
16496514014.014	-107.7988155
16516533933.9339	-112.1435443
16536553853.8539	-112.123264
16556573773.7738	-110.8508196
16576593693.6937	-108.4581516
16596613613.6136	-112.3183163
16616633533.5335	-115.3199219
16636653453.4535	-107.9126632
16656673373.3734	-112.3066222
16676693293.2933	-116.7286497
16696713213.2132	-110.7125061
16716733133.1331	-127.6830358
16736753053.0531	-112.3259904
16756772972.973	-107.3439556
16776792892.8929	-117.6519401
16796812812.8128	-122.3367231
16816832732.7327	-113.7847912
16836852652.6527	-117.8708905
16856872572.5726	-107.1827308
16876892492.4925	-112.549634
16896912412.4124	-111.2652352
16916932332.3323	-114.8915133
16936952252.2523	-109.5389462
16956972172.1722	-115.5479249
16976992092.0921	-111.1580151
16997012012.012	-117.2530988
17017031931.9319	-112.8701625
17037051851.8519	-115.0849711
17057071771.7718	-114.0195102
17077091691.6917	-120.7681563
17097111611.6116	-114.1886957
17117131531.5315	-118.8298336
17137151451.4515	-107.9472944
17157171371.3714	-113.7975316
17177191291.2913	-105.1061421
17197211211.2112	-114.1834231
17217231131.1311	-111.0525955
17237251051.0511	-110.8171854
17257270970.971	-115.7029233
17277290890.8909	-110.1113243
17297310810.8108	-129.6272645
17317330730.7307	-106.5014086
17337350650.6507	-116.3212698
17357370570.5706	-108.6152994
17377390490.4905	-106.9499401
17397410410.4104	-117.4510415
17417430330.3303	-108.4053164
17437450250.2502	-119.0502288
17457470170.1702	-115.8251932
17477490090.0901	-113.8797387
17497510010.01	-106.616606
17517529929.9299	-106.319331
17537549849.8498	-108.2962689
17557569769.7698	-117.0413356
17577589689.6897	-113.8394079
17597609609.6096	-116.5050538
17617629529.5295	-116.5326833
17637649449.4494	-111.945883
17657669369.3694	-111.9265269
17677689289.2893	-104.2113967
17697709209.2092	-110.5337287
17717729129.1291	-128.3219232
17737749049.049	-114.5622381
17757768968.969	-114.4621589
17777788888.8889	-114.761476
17797808808.8088	-105.4774002
17817828728.7287	-109.4838126
17837848648.6486	-119.9507694
17857868568.5686	-118.186243
17877888488.4885	-117.3010641
17897908408.4084	-108.0670551
17917928328.3283	-108.4478644
17937948248.2482	-109.6022714
17957968168.1682	-114.7809104
17977988088.0881	-123.1224348
17998008008.008	-114.9606138
18018027927.9279	-113.7517711
18038047847.8478	-111.2116121
18058067767.7678	-109.1572904
18078087687.6877	-113.3887152
18098107607.6076	-115.3793945
18118127527.5275	-108.9305173
18138147447.4474	-110.8454147
18158167367.3674	-109.742359
18178187287.2873	-113.6515206
18198207207.2072	-115.2067542
18218227127.1271	-105.9344161
18238247047.047	-110.0522848
18258266966.967	-104.6605335
18278286886.8869	-111.1713965
18298306806.8068	-117.7908618
18318326726.7267	-115.6920316
18338346646.6466	-109.8392762
18358366566.5666	-111.7218986
18378386486.4865	-116.8078268
18398406406.4064	-110.1962569
18418426326.3263	-128.9448348
18438446246.2462	-111.9691484
18458466166.1662	-116.3966973
18478486086.0861	-118.3981368
18498506006.006	-115.0127722
18518525925.9259	-114.3289577
18538545845.8458	-114.582508
18558565765.7658	-112.7073189
18578585685.6857	-109.0919933
18598605605.6056	-108.7546719
18618625525.5255	-108.2070607
18638645445.4454	-108.5434264
18658665365.3654	-110.7402652
18678685285.2853	-120.0225565
18698705205.2052	-110.9109991
18718725125.1251	-120.0587883
18738745045.045	-107.6359473
18758764964.965	-108.5384546
18778784884.8849	-114.3609242
18798804804.8048	-118.6150275
18818824724.7247	-112.1877862
18838844644.6446	-115.5722508
18858864564.5646	-120.1969481
18878884484.4845	-108.0271172
18898904404.4044	-112.651519
18918924324.3243	-115.3818834
18938944244.2442	-112.9967379
18958964164.1642	-119.1287108
18978984084.0841	-113.717514
18999004004.004	-118.6698665
19019023923.9239	-115.0410846
19039043843.8438	-106.1789459
19059063763.7638	-123.06174
19079083683.6837	-104.0016322
19099103603.6036	-111.4591915
19119123523.5235	-108.0062307
19139143443.4434	-121.5748974
19159163363.3634	-119.5675527
19179183283.2833	-111.6149395
19199203203.2032	-107.4981576
19219223123.1231	-114.6486967
19239243043.043	-112.9805062
19259262962.963	-108.4059265
19279282882.8829	-111.9101925
19299302802.8028	-111.0331415
19319322722.7227	-131.2129669
19339342642.6426	-107.6920395
19359362562.5626	-118.8136712
19379382482.4825	-116.3467065
19399402402.4024	-115.7056408
19419422322.3223	-114.1334361
19439442242.2422	-105.0072488
19459462162.1622	-111.9428443
19479482082.0821	-112.0006508
19499502002.002	-122.3069025
19519521921.9219	-104.6396596
19539541841.8418	-111.6932568
19559561761.7618	-112.3764238
19579581681.6817	-124.426125
19599601601.6016	-119.099912
19619621521.5215	-107.9580544
19639641441.4414	-107.7951482
19659661361.3614	-107.1036546
19679681281.2813	-110.8116855
19699701201.2012	-115.3069044
19719721121.1211	-108.1744383
19739741041.041	-106.6121051
19759760960.961	-111.4702391
19779780880.8809	-111.0711557
19799800800.8008	-127.2897197
19819820720.7207	-119.3670654
19839840640.6406	-110.0114822
19859860560.5606	-113.3659825
19879880480.4805	-112.7463525
19899900400.4004	-128.0633065
19919920320.3203	-116.0092203
19939940240.2402	-112.3251606
19959960160.1602	-125.0668527
19979980080.0801	-118.7798818
20000000000	-108.0376646
