# S12_frequency_set	VNA_S12_trace
# "S12 frequency"	"S12 magnitude"
# 1000
100000	-0.3037003528
20119919.9199199	-0.7133764587
40139839.8398398	-0.8028930459
60159759.7597598	-0.9219921208
80179679.6796797	-1.040617435
100199599.5996	-1.126466486
120219519.51952	-1.199868027
140239439.439439	-1.27878993
160259359.359359	-1.370575445
180279279.279279	-1.434054144
200299199.199199	-1.509986833
220319119.119119	-1.578841959
240339039.039039	-1.629637139
260358958.958959	-1.689553484
280378878.878879	-1.76280546
300398798.798799	-1.817912376
320418718.718719	-1.871575825
340438638.638639	-1.956875939
360458558.558559	-1.990713928
380478478.478478	-2.029244306
400498398.398398	-2.087628069
420518318.318318	-2.128966169
440538238.238238	-2.180049176
460558158.158158	-2.21297792
480578078.078078	-2.243901868
500597997.997998	-2.305395903
520617917.917918	-2.337175504
540637837.837838	-2.364409447
560657757.757758	-2.407193035
580677677.677678	-2.455741591
600697597.597598	-2.493134916
620717517.517517	-2.539194997
640737437.437437	-2.57508343
660757357.357357	-2.608069535
680777277.277277	-2.65913629
700797197.197197	-2.687984323
720817117.117117	-2.723088302
740837037.037037	-2.777953431
760856956.956957	-2.83320291
780876876.876877	-2.852568503
800896796.796797	-2.895795412
820916716.716717	-2.982863245
840936636.636637	-2.970692806
860956556.556557	-2.997324631
880976476.476476	-3.068048677
900996396.396396	-3.076538142
921016316.316316	-3.103719635
941036236.236236	-3.140871306
961056156.156156	-3.213453041
981076076.076076	-3.210627668
1001095995.996	-3.225592684
1021115915.91592	-3.304589493
1041135835.83584	-3.285720586
1061155755.75576	-3.313191923
1081175675.67568	-3.353666243
1101195595.5956	-3.387907626
1121215515.51552	-3.422953207
1141235435.43544	-3.438233078
1161255355.35536	-3.501293752
1181275275.27528	-3.515673517
1201295195.1952	-3.534261075
1221315115.11512	-3.581872579
1241335035.03503	-3.604132726
1261354954.95495	-3.636209688
1281374874.87487	-3.661153201
1301394794.79479	-3.707386056
1321414714.71471	-3.739340597
1341434634.63463	-3.766140168
1361454554.55455	-3.795606374
1381474474.47447	-3.819438866
1401494394.39439	-3.859101965
1421514314.31431	-3.87222462
1441534234.23423	-3.906072542
1461554154.15415	-3.938977125
1481574074.07407	-3.950072347
1501593993.99399	-3.991844922
1521613913.91391	-4.004965743
1541633833.83383	-4.032816794
1561653753.75375	-4.063755542
1581673673.67367	-4.085088231
1601693593.59359	-4.124856982
1621713513.51351	-4.150580393
1641733433.43343	-4.18672437
1661753353.35335	-4.210351442
1681773273.27327	-4.235950786
1701793193.19319	-4.282453811
1721813113.11311	-4.31018742
1741833033.03303	-4.341992452
1761852952.95295	-4.39129784
1781872872.87287	-4.435735465
1801892792.79279	-4.448156505
1821912712.71271	-4.48429145
1841932632.63263	-4.53462486
1861952552.55255	-4.546112848
1881972472.47247	-4.578345333
1901992392.39239	-4.630950939
1922012312.31231	-4.64252574
1942032232.23223	-4.671811863
1962052152.15215	-4.723280133
1982072072.07207	-4.740915602
2002091991.99199	-4.771551814
2022111911.91191	-4.824096325
2042131831.83183	-4.843267104
2062151751.75175	-4.879279623
2082171671.67167	-4.9190558
2102191591.59159	-4.946364474
2122211511.51151	-4.981263896
2142231431.43143	-5.005986485
2162251351.35135	-5.045211991
2182271271.27127	-5.068504814
2202291191.19119	-5.105266036
2222311111.11111	-5.139336717
2242331031.03103	-5.160457807
2262350950.95095	-5.186011058
2282370870.87087	-5.221738574
2302390790.79079	-5.246265806
2322410710.71071	-5.256844572
2342430630.63063	-5.304841414
2362450550.55055	-5.339498929
2382470470.47047	-5.334778165
2402490390.39039	-5.381941624
2422510310.31031	-5.400150233
2442530230.23023	-5.438639887
2462550150.15015	-5.469135655
2482570070.07007	-5.474672159
2502589989.98999	-5.535025937
2522609909.90991	-5.555356943
2542629829.82983	-5.580210255
2562649749.74975	-5.649657365
2582669669.66967	-5.637099679
2602689589.58959	-5.677916102
2622709509.50951	-5.731624304
2642729429.42943	-5.72586449
2662749349.34935	-5.767191062
2682769269.26927	-5.805934245
2702789189.18919	-5.823397623
2722809109.10911	-5.856105042
2742829029.02903	-5.891194299
2762848948.94895	-5.928772922
2782868868.86887	-5.947607788
2802888788.78879	-5.992839171
2822908708.70871	-6.010413981
2842928628.62863	-6.035408849
2862948548.54855	-6.079974289
2882968468.46847	-6.076841092
2902988388.38839	-6.11683358
2923008308.30831	-6.166883988
2943028228.22823	-6.16415508
2963048148.14815	-6.207562968
2983068068.06807	-6.245830681
3003087987.98799	-6.247316184
3023107907.90791	-6.280457309
3043127827.82783	-6.307644275
3063147747.74775	-6.327971422
3083167667.66767	-6.349560181
3103187587.58759	-6.369294754
3123207507.50751	-6.420677777
3143227427.42743	-6.416280485
3163247347.34735	-6.447947622
3183267267.26727	-6.482917556
3203287187.18719	-6.491945267
3223307107.10711	-6.532081362
3243327027.02703	-6.536381027
3263346946.94695	-6.59750667
3283366866.86687	-6.5884743
3303386786.78679	-6.586676493
3323406706.70671	-6.6748379
3343426626.62663	-6.621374265
3363446546.54655	-6.640579522
3383466466.46647	-6.687433155
3403486386.38639	-6.660728421
3423506306.30631	-6.688793237
3443526226.22623	-6.706728681
3463546146.14615	-6.754525224
3483566066.06607	-6.766111388
3503585985.98599	-6.7897233
3523605905.90591	-6.830234046
3543625825.82583	-6.813248607
3563645745.74575	-6.8444783
3583665665.66567	-6.842816683
3603685585.58559	-6.878312272
3623705505.50551	-6.888978001
3643725425.42543	-6.854780144
3663745345.34535	-6.947669294
3683765265.26526	-6.914884371
3703785185.18518	-6.887127936
3723805105.1051	-6.977590623
3743825025.02502	-6.906888492
3763844944.94494	-6.930196444
3783864864.86486	-6.960328944
3803884784.78478	-6.93817429
3823904704.7047	-6.964699409
3843924624.62462	-6.975417605
3863944544.54454	-6.987796836
3883964464.46446	-7.004872497
3903984384.38438	-7.033489401
3924004304.3043	-7.039280313
3944024224.22422	-7.053232033
3964044144.14414	-7.10530718
3984064064.06406	-7.088776248
4004083983.98398	-7.129192257
4024103903.9039	-7.164000099
4044123823.82382	-7.139929881
4064143743.74374	-7.179446741
4084163663.66366	-7.187682577
4104183583.58358	-7.183555542
4124203503.5035	-7.22836684
4144223423.42342	-7.233894687
4164243343.34334	-7.250314012
4184263263.26326	-7.282087973
4204283183.18318	-7.290065891
4224303103.1031	-7.306293906
4244323023.02302	-7.333229551
4264342942.94294	-7.342898942
4284362862.86286	-7.377177298
4304382782.78278	-7.395748877
4324402702.7027	-7.430842053
4344422622.62262	-7.459768179
4364442542.54254	-7.471108149
4384462462.46246	-7.498724648
4404482382.38238	-7.50377721
4424502302.3023	-7.538881729
4444522222.22222	-7.542385135
4464542142.14214	-7.564845169
4484562062.06206	-7.646699541
4504581981.98198	-7.619291763
4524601901.9019	-7.654568782
4544621821.82182	-7.699838824
4564641741.74174	-7.665391908
4584661661.66166	-7.699873795
4604681581.58158	-7.705833911
4624701501.5015	-7.760323951
4644721421.42142	-7.758988692
4664741341.34134	-7.765723895
4684761261.26126	-7.870661763
4704781181.18118	-7.805822072
4724801101.1011	-7.830884304
4744821021.02102	-7.888574595
4764840940.94094	-7.857007516
4784860860.86086	-7.902138748
4804880780.78078	-7.896630141
4824900700.7007	-7.981457023
4844920620.62062	-7.985150235
4864940540.54054	-7.957645226
4884960460.46046	-8.060219012
4904980380.38038	-7.999000726
4925000300.3003	-8.025535692
4945020220.22022	-8.041047842
4965040140.14014	-8.064920939
4985060060.06006	-8.139249947
5005079979.97998	-8.061560529
5025099899.8999	-8.18871697
5045119819.81982	-8.169690654
5065139739.73974	-8.100694486
5085159659.65966	-8.204284234
5105179579.57958	-8.107611461
5125199499.4995	-8.178937077
5145219419.41942	-8.194199209
5165239339.33934	-8.209055661
5185259259.25926	-8.310381247
5205279179.17918	-8.238878557
5225299099.0991	-8.318971503
5245319019.01902	-8.290070076
5265338938.93894	-8.28808212
5285358858.85886	-8.328956561
5305378778.77878	-8.314003409
5325398698.6987	-8.420245699
5345418618.61862	-8.342539297
5365438538.53854	-8.382724654
5385458458.45846	-8.425428114
5405478378.37838	-8.394165657
5425498298.2983	-8.45059385
5445518218.21822	-8.453819173
5465538138.13814	-8.519214838
5485558058.05806	-8.535008187
5505577977.97798	-8.559372871
5525597897.8979	-8.61445112
5545617817.81782	-8.578156652
5565637737.73774	-8.60974057
5585657657.65766	-8.596290296
5605677577.57758	-8.605556817
5625697497.4975	-8.625143874
5645717417.41742	-8.642033783
5665737337.33734	-8.691418931
5685757257.25726	-8.682573745
5705777177.17718	-8.720344102
5725797097.0971	-8.722627778
5745817017.01702	-8.748376196
5765836936.93694	-8.757593151
5785856856.85686	-8.828410219
5805876776.77678	-8.881452759
5825896696.6967	-8.848582289
5845916616.61662	-8.98634609
5865936536.53654	-8.941207133
5885956456.45646	-8.921805125
5905976376.37638	-9.007680694
5925996296.2963	-8.924443113
5946016216.21622	-8.967008078
5966036136.13614	-8.988905826
5986056056.05606	-9.027966339
6006075975.97598	-9.03384102
6026095895.8959	-9.031847184
6046115815.81582	-9.096185443
6066135735.73574	-9.064693298
6086155655.65566	-9.144210288
6106175575.57558	-9.121153343
6126195495.49549	-9.208755317
6146215415.41541	-9.280919699
6166235335.33533	-9.163606779
6186255255.25525	-9.367391583
6206275175.17517	-9.272647307
6226295095.09509	-9.245284843
6246315015.01501	-9.370541989
6266334934.93493	-9.263233759
6286354854.85485	-9.36480219
6306374774.77477	-9.357275171
6326394694.69469	-9.386406993
6346414614.61461	-9.448828022
6366434534.53453	-9.411695797
6386454454.45445	-9.447579992
6406474374.37437	-9.424524072
6426494294.29429	-9.508113243
6446514214.21421	-9.443952712
6466534134.13413	-9.477856712
6486554054.05405	-9.554722746
6506573973.97397	-9.446805855
6526593893.89389	-9.540272651
6546613813.81381	-9.509707635
6566633733.73373	-9.522810317
6586653653.65365	-9.56904103
6606673573.57357	-9.510482112
6626693493.49349	-9.639529731
6646713413.41341	-9.582497631
6666733333.33333	-9.599453387
6686753253.25325	-9.656042424
6706773173.17317	-9.611836808
6726793093.09309	-9.616907102
6746813013.01301	-9.589574534
6766832932.93293	-9.658406869
6786852852.85285	-9.603565413
6806872772.77277	-9.62346066
6826892692.69269	-9.678862909
6846912612.61261	-9.630737484
6866932532.53253	-9.650670117
6886952452.45245	-9.657643443
6906972372.37237	-9.72573476
6926992292.29229	-9.682963928
6947012212.21221	-9.735113701
6967032132.13213	-9.811812761
6987052052.05205	-9.737722258
7007071971.97197	-9.838002195
7027091891.89189	-9.800286675
7047111811.81181	-9.793684014
7067131731.73173	-9.834135371
7087151651.65165	-9.80224997
7107171571.57157	-9.888398943
7127191491.49149	-9.850108662
7147211411.41141	-9.919267389
7167231331.33133	-9.926912735
7187251251.25125	-9.919372906
7207271171.17117	-9.983530585
7227291091.09109	-9.957065527
7247311011.01101	-10.04346827
7267330930.93093	-9.993123105
7287350850.85085	-10.09350252
7307370770.77077	-10.12530865
7327390690.69069	-10.05397366
7347410610.61061	-10.19243704
7367430530.53053	-10.11629908
7387450450.45045	-10.16450161
7407470370.37037	-10.19567291
7427490290.29029	-10.20202813
7447510210.21021	-10.29115557
7467530130.13013	-10.21213323
7487550050.05005	-10.34498279
7507569969.96997	-10.31962879
7527589889.88989	-10.28734023
7547609809.80981	-10.38258287
7567629729.72973	-10.32809565
7587649649.64965	-10.42767047
7607669569.56957	-10.38441813
7627689489.48949	-10.45635387
7647709409.40941	-10.49963723
7667729329.32933	-10.42061613
7687749249.24925	-10.52753339
7707769169.16917	-10.47619894
7727789089.08909	-10.53050469
7747809009.00901	-10.53137299
7767828928.92893	-10.54406583
7787848848.84885	-10.67539193
7807868768.76877	-10.53757712
7827888688.68869	-10.65930408
7847908608.60861	-10.62861926
7867928528.52853	-10.56111616
7887948448.44845	-10.62898357
7907968368.36837	-10.59538579
7927988288.28829	-10.71671597
7948008208.20821	-10.66042501
7968028128.12813	-10.71548934
7988048048.04805	-10.76355514
8008067967.96797	-10.65245002
8028087887.88789	-10.72055805
8048107807.80781	-10.68673824
8068127727.72773	-10.73497333
8088147647.64765	-10.72219293
8108167567.56757	-10.72193894
8128187487.48749	-10.82218177
8148207407.40741	-10.71942015
8168227327.32733	-10.77342381
8188247247.24725	-10.78737445
8208267167.16717	-10.78926909
8228287087.08709	-10.80049549
8248307007.00701	-10.80933836
8268326926.92693	-10.90288436
8288346846.84685	-10.83132907
8308366766.76677	-10.9115793
8328386686.68669	-10.92934106
8348406606.60661	-10.86261764
8368426526.52653	-10.953334
8388446446.44645	-10.88355953
8408466366.36637	-10.94614547
8428486286.28629	-10.95833777
8448506206.20621	-10.95740566
8468526126.12613	-11.01620664
8488546046.04605	-10.97230391
8508565965.96597	-11.02429558
8528585885.88589	-11.0020418
8548605805.80581	-11.02548194
8568625725.72573	-11.05439983
8588645645.64565	-11.08665769
8608665565.56557	-11.16512138
8628685485.48549	-11.1000238
8648705405.40541	-11.20396218
8668725325.32533	-11.1794707
8688745245.24524	-11.11324019
8708765165.16516	-11.23187298
8728785085.08508	-11.12689191
8748805005.005	-11.18179741
8768824924.92492	-11.19779745
8788844844.84484	-11.18538495
8808864764.76476	-11.21101547
8828884684.68468	-11.18201793
8848904604.6046	-11.2360774
8868924524.52452	-11.15984589
8888944444.44444	-11.2102731
8908964364.36436	-11.26533332
8928984284.28428	-11.29252734
8949004204.2042	-11.33535719
8969024124.12412	-11.27479305
8989044044.04404	-11.37032948
9009063963.96396	-11.30523305
9029083883.88388	-11.24350172
9049103803.8038	-11.32397869
9069123723.72372	-11.24709414
9089143643.64364	-11.26967387
9109163563.56356	-11.27503075
9129183483.48348	-11.28726323
9149203403.4034	-11.29262847
9169223323.32332	-11.24116552
9189243243.24324	-11.31728798
9209263163.16316	-11.27456578
9229283083.08308	-11.29849324
9249303003.003	-11.31698463
9269322922.92292	-11.31650186
9289342842.84284	-11.36755337
9309362762.76276	-11.31896404
9329382682.68268	-11.38045167
9349402602.6026	-11.36042764
9369422522.52252	-11.31231174
9389442442.44244	-11.3701641
9409462362.36236	-11.32514777
9429482282.28228	-11.35108048
9449502202.2022	-11.35051069
9469522122.12212	-11.36915773
9489542042.04204	-11.39346029
9509561961.96196	-11.3689949
9529581881.88188	-11.43557205
9549601801.8018	-11.40752644
9569621721.72172	-11.43059088
9589641641.64164	-11.46288806
9609661561.56156	-11.4419949
9629681481.48148	-11.50744671
9649701401.4014	-11.48515826
9669721321.32132	-11.5150944
9689741241.24124	-11.53102197
9709761161.16116	-11.49744696
9729781081.08108	-11.52502296
9749801001.001	-11.51030469
9769820920.92092	-11.52460538
9789840840.84084	-11.53405019
9809860760.76076	-11.55002646
9829880680.68068	-11.58625971
9849900600.6006	-11.59791174
9869920520.52052	-11.64650512
9889940440.44044	-11.64351654
9909960360.36036	-11.67737626
9929980280.28028	-11.71091535
9950000200.2002	-11.68847906
9970020120.12012	-11.76788318
9990040040.04004	-11.76068891
10010059959.96	-11.76296585
10030079879.8799	-11.80425348
10050099799.7998	-11.77118651
10070119719.7197	-11.78339083
10090139639.6396	-11.77961727
10110159559.5596	-11.79458264
10130179479.4795	-11.82194822
10150199399.3994	-11.83552908
10170219319.3193	-11.86487928
10190239239.2392	-11.89890405
10210259159.1592	-11.94453318
10230279079.0791	-11.94367965
10250298998.999	-11.99562641
10270318918.9189	-12.03431315
10290338838.8388	-11.99764547
10310358758.7588	-12.03462255
10330378678.6787	-12.02856697
10350398598.5986	-11.99374781
10370418518.5185	-11.99030994
10390438438.4384	-11.97803582
10410458358.3584	-11.98035383
10430478278.2783	-11.97849831
10450498198.1982	-11.99096552
10470518118.1181	-12.03336389
10490538038.038	-12.05195773
10510557957.958	-12.0781308
10530577877.8779	-12.09332276
10550597797.7978	-12.14416458
10570617717.7177	-12.1560581
10590637637.6376	-12.16644935
10610657557.5576	-12.22627517
10630677477.4775	-12.20969765
10650697397.3974	-12.18340901
10670717317.3173	-12.1947413
10690737237.2372	-12.17649666
10710757157.1572	-12.13068688
10730777077.0771	-12.13851656
10750796996.997	-12.14371935
10770816916.9169	-12.20490958
10790836836.8368	-12.22726615
10810856756.7568	-12.24736915
10830876676.6767	-12.33675966
10850896596.5966	-12.33355321
10870916516.5165	-12.3183329
10890936436.4364	-12.34232959
10910956356.3564	-12.3644935
10930976276.2763	-12.35433803
10950996196.1962	-12.35557144
10971016116.1161	-12.43887025
10991036036.036	-12.39312419
11011055955.956	-12.36755688
11031075875.8759	-12.38126379
11051095795.7958	-12.33758779
11071115715.7157	-12.36103502
11091135635.6356	-12.37192445
11111155555.5556	-12.47539294
11131175475.4755	-12.54528993
11151195395.3954	-12.52257201
11171215315.3153	-12.63142573
11191235235.2352	-12.61156424
11211255155.1552	-12.55995286
11231275075.0751	-12.55933739
11251294994.995	-12.57166541
11271314914.9149	-12.57957421
11291334834.8348	-12.53654748
11311354754.7548	-12.61275458
11331374674.6747	-12.60970453
11351394594.5946	-12.56458461
11371414514.5145	-12.59056826
11391434434.4344	-12.57056727
11411454354.3544	-12.60158843
11431474274.2743	-12.61881802
11451494194.1942	-12.73207272
11471514114.1141	-12.79834176
11491534034.034	-12.81179398
11511553953.954	-12.87368125
11531573873.8739	-12.8301366
11551593793.7938	-12.81129078
11571613713.7137	-12.76590302
11591633633.6336	-12.7549714
11611653553.5536	-12.78010498
11631673473.4735	-12.78122377
11651693393.3934	-12.86491643
11671713313.3133	-12.84182162
11691733233.2332	-12.85746185
11711753153.1532	-12.84116585
11731773073.0731	-12.79944473
11751792992.993	-12.85246131
11771812912.9129	-12.86141201
11791832832.8328	-12.9888102
11811852752.7528	-13.00942506
11831872672.6727	-13.08839933
11851892592.5926	-13.15172143
11871912512.5125	-13.01293267
11891932432.4324	-13.04669636
11911952352.3524	-12.97500964
11931972272.2723	-12.96347293
11951992192.1922	-12.99339285
11972012112.1121	-13.02636319
11992032032.032	-13.14269116
12012051951.952	-13.07878343
12032071871.8719	-13.1246418
12052091791.7918	-13.11615692
12072111711.7117	-13.02999938
12092131631.6316	-13.08380667
12112151551.5516	-13.0878081
12132171471.4715	-13.26864177
12152191391.3914	-13.24609278
12172211311.3113	-13.33831422
12192231231.2312	-13.45693596
12212251151.1512	-13.2572809
12232271071.0711	-13.31370391
12252290990.991	-13.24633691
12272310910.9109	-13.21477247
12292330830.8308	-13.23518101
12312350750.7507	-13.25578947
12332370670.6707	-13.44409659
12352390590.5906	-13.31623368
12372410510.5105	-13.37735166
12392430430.4304	-13.39085649
12412450350.3503	-13.26497123
12432470270.2703	-13.31049282
12452490190.1902	-13.31424579
12472510110.1101	-13.52847215
12492530030.03	-13.51855007
12512549949.9499	-13.5897068
12532569869.8699	-13.72634895
12552589789.7898	-13.52353161
12572609709.7097	-13.5172228
12592629629.6296	-13.4640795
12612649549.5495	-13.39156701
12632669469.4695	-13.42467564
12652689389.3894	-13.44606192
12672709309.3093	-13.60148084
12692729229.2292	-13.56665474
12712749149.1491	-13.5984307
12732769069.0691	-13.6190773
12752788988.989	-13.53596546
12772808908.9089	-13.5697483
12792828828.8288	-13.58784374
12812848748.7487	-13.74945426
12832868668.6687	-13.81006443
12852888588.5886	-13.89218739
12872908508.5085	-13.97644461
12892928428.4284	-13.84470854
12912948348.3483	-13.81527146
12932968268.2683	-13.69491822
12952988188.1882	-13.64161746
12973008108.1081	-13.66505636
12993028028.028	-13.73557133
13013047947.9479	-13.85980043
13033067867.8679	-13.87742715
13053087787.7878	-13.96644348
13073107707.7077	-13.91799414
13093127627.6276	-13.85586836
13113147547.5475	-13.87097215
13133167467.4675	-13.8894633
13153187387.3874	-14.02598901
13173207307.3073	-14.09322054
13193227227.2272	-14.25540696
13213247147.1471	-14.23119518
13233267067.0671	-14.1389762
13253286986.987	-14.14189752
13273306906.9069	-13.98722439
13293326826.8268	-13.97862472
13313346746.7467	-13.99326854
13333366666.6667	-14.12918124
13353386586.5866	-14.28705595
13373406506.5065	-14.27955406
13393426426.4264	-14.45237247
13413446346.3463	-14.35562836
13433466266.2663	-14.26981916
13453486186.1862	-14.29902311
13473506106.1061	-14.24733387
13493526026.026	-14.3462278
13513545945.9459	-14.37438674
13533565865.8659	-14.52083048
13553585785.7858	-14.55073886
13573605705.7057	-14.44172357
13593625625.6256	-14.49074555
13613645545.5455	-14.36343212
13633665465.4655	-14.3767495
13653685385.3854	-14.43908411
13673705305.3053	-14.620128
13693725225.2252	-14.85216313
13713745145.1451	-14.84285396
13733765065.0651	-15.03202276
13753784984.985	-14.99124552
13773804904.9049	-14.81822729
13793824824.8248	-14.81613309
13813844744.7447	-14.70359604
13833864664.6647	-14.74731667
13853884584.5846	-14.79437437
13873904504.5045	-14.92229246
13893924424.4244	-14.99675415
13913944344.3443	-14.93175372
13933964264.2643	-14.94868452
13953984184.1842	-14.90200495
13974004104.1041	-14.91259066
13994024024.024	-15.00242522
14014043943.9439	-15.16978785
14034063863.8639	-15.34635212
14054083783.7838	-15.41336574
14074103703.7037	-15.48918435
14094123623.6236	-15.41846799
14114143543.5435	-15.30258837
14134163463.4635	-15.21724
14154183383.3834	-15.16587162
14174203303.3033	-15.18531623
14194223223.2232	-15.28686774
14214243143.1431	-15.40884159
14234263063.0631	-15.4222783
14254282982.983	-15.45660996
14274302902.9029	-15.41346503
14294322822.8228	-15.32249067
14314342742.7427	-15.31736463
14334362662.6627	-15.34480019
14354382582.5826	-15.45676622
14374402502.5025	-15.48324924
14394422422.4224	-15.55252756
14414442342.3423	-15.59063664
14434462262.2623	-15.44310032
14454482182.1822	-15.38843475
14474502102.1021	-15.29980382
14494522022.022	-15.26995485
14514541941.9419	-15.29008158
14534561861.8619	-15.35507302
14554581781.7818	-15.54316771
14574601701.7017	-15.4356221
14594621621.6216	-15.43203951
14614641541.5415	-15.42539766
14634661461.4615	-15.23245182
14654681381.3814	-15.20555883
14674701301.3013	-15.17404777
14694721221.2212	-15.233503
14714741141.1411	-15.24717455
14734761061.0611	-15.25017483
14754780980.981	-15.36888708
14774800900.9009	-15.19965764
14794820820.8208	-15.14506652
14814840740.7407	-15.13602656
14834860660.6607	-15.10823263
14854880580.5806	-15.14617078
14874900500.5005	-15.14175562
14894920420.4204	-15.31171948
14914940340.3403	-15.24676158
14934960260.2603	-15.17894934
14954980180.1802	-15.24612298
14975000100.1001	-15.08082392
14995020020.02	-15.0598765
15015039939.9399	-15.06811093
15035059859.8599	-15.11868304
15055079779.7798	-15.19506348
15075099699.6997	-15.13273857
15095119619.6196	-15.2810023
15115139539.5395	-15.2037828
15135159459.4595	-15.08209602
15155179379.3794	-15.10251446
15175199299.2993	-15.01872004
15195219219.2192	-15.05382212
15215239139.1391	-15.02346944
15235259059.0591	-15.13379254
15255278978.979	-15.16818278
15275298898.8989	-15.07176509
15295318818.8188	-15.13417379
15315338738.7387	-15.06088117
15335358658.6587	-15.04335673
15355378578.5786	-15.06853824
15375398498.4985	-15.12239032
15395418418.4184	-15.20754906
15415438338.3383	-15.16426134
15435458258.2583	-15.25837185
15455478178.1782	-15.21555575
15475498098.0981	-15.09995905
15495518018.018	-15.12080587
15515537937.9379	-15.04178806
15535557857.8579	-15.08289778
15555577777.7778	-15.08546115
15575597697.6977	-15.15833583
15595617617.6176	-15.23963253
15615637537.5375	-15.18318285
15635657457.4575	-15.23799628
15655677377.3774	-15.18524112
15675697297.2973	-15.14314966
15695717217.2172	-15.16063197
15715737137.1371	-15.16214849
15735757057.0571	-15.23754976
15755776976.977	-15.22437486
15775796896.8969	-15.27613604
15795816816.8168	-15.25154261
15815836736.7367	-15.21606697
15835856656.6567	-15.22359819
15855876576.5766	-15.19815833
15875896496.4965	-15.26726749
15895916416.4164	-15.28444031
15915936336.3363	-15.39451416
15935956256.2563	-15.45580381
15955976176.1762	-15.42537823
15975996096.0961	-15.50898367
15996016016.016	-15.41372153
16016035935.9359	-15.41313287
16036055855.8559	-15.40584259
16056075775.7758	-15.43557085
16076095695.6957	-15.4016798
16096115615.6156	-15.41397975
16116135535.5355	-15.47280748
16136155455.4555	-15.42953925
16156175375.3754	-15.42988731
16176195295.2953	-15.44914159
16196215215.2152	-15.44536815
16216235135.1351	-15.50903377
16236255055.0551	-15.51904635
16256274974.975	-15.64097566
16276294894.8949	-15.633115
16296314814.8148	-15.63933457
16316334734.7347	-15.70199333
16336354654.6547	-15.58437378
16356374574.5746	-15.65309776
16376394494.4945	-15.61602586
16396414414.4144	-15.5975587
16416434334.3343	-15.72166879
16436454254.2543	-15.57619909
16456474174.1742	-15.68398372
16476494094.0941	-15.67929413
16496514014.014	-15.58596067
16516533933.9339	-15.64799351
16536553853.8539	-15.58555083
16556573773.7738	-15.59254717
16576593693.6937	-15.60576833
16596613613.6136	-15.64709792
16616633533.5335	-15.64698826
16636653453.4535	-15.6711391
16656673373.3734	-15.68713158
16676693293.2933	-15.64814495
16696713213.2132	-15.78105586
16716733133.1331	-15.719013
16736753053.0531	-15.77235014
16756772972.973	-15.91933426
16776792892.8929	-15.78540381
16796812812.8128	-15.89592122
16816832732.7327	-15.87433385
16836852652.6527	-15.81011407
16856872572.5726	-15.85057191
16876892492.4925	-15.75987027
16896912412.4124	-15.77232437
16916932332.3323	-15.74713385
16936952252.2523	-15.73947039
16956972172.1722	-15.74343037
16976992092.0921	-15.75923995
16997012012.012	-15.77315453
17017031931.9319	-15.7931944
17037051851.8519	-15.88239186
17057071771.7718	-15.84980948
17077091691.6917	-15.94091616
17097111611.6116	-15.99358927
17117131531.5315	-15.99317666
17137151451.4515	-16.08683653
17157171371.3714	-16.06700789
17177191291.2913	-16.14048683
17197211211.2112	-16.10819354
17217231131.1311	-16.08648874
17237251051.0511	-16.17849928
17257270970.971	-16.04365048
17277290890.8909	-16.10206568
17297310810.8108	-16.07661439
17317330730.7307	-15.98123253
17337350650.6507	-16.02636562
17357370570.5706	-15.99159196
17377390490.4905	-16.00641266
17397410410.4104	-16.02356604
17417430330.3303	-16.06186924
17437450250.2502	-16.07962774
17457470170.1702	-16.15629489
17477490090.0901	-16.19066141
17497510010.01	-16.23072068
17517529929.9299	-16.41068521
17537549849.8498	-16.35410246
17557569769.7698	-16.46306683
17577589689.6897	-16.59061262
17597609609.6096	-16.40207494
17617629529.5295	-16.54383609
17637649449.4494	-16.4411144
17657669369.3694	-16.2998758
17677689289.2893	-16.36703693
17697709209.2092	-16.25810862
17717729129.1291	-16.25826703
17737749049.049	-16.25474491
17757768968.969	-16.2358203
17777788888.8889	-16.24288465
17797808808.8088	-16.28777105
17817828728.7287	-16.30287904
17837848648.6486	-16.35378717
17857868568.5686	-16.51667583
17877888488.4885	-16.48165548
17897908408.4084	-16.64743427
17917928328.3283	-16.73038376
17937948248.2482	-16.60381091
17957968168.1682	-16.75360902
17977988088.0881	-16.60970069
17998008008.008	-16.55991295
18018027927.9279	-16.59169036
18038047847.8478	-16.57836391
18058067767.7678	-16.60348643
18078087687.6877	-16.60317935
18098107607.6076	-16.66702803
18118127527.5275	-16.62792537
18138147447.4474	-16.59250286
18158167367.3674	-16.60312585
18178187287.2873	-16.53269054
18198207207.2072	-16.58601558
18218227127.1271	-16.5571045
18238247047.047	-16.64357265
18258266966.967	-16.65244618
18278286886.8869	-16.64726691
18298306806.8068	-16.7284423
18318326726.7267	-16.68781954
18338346646.6466	-16.76266308
18358366566.5666	-16.76315146
18378386486.4865	-16.89561638
18398406406.4064	-16.96810148
18418426326.3263	-16.96562485
18438446246.2462	-17.18393154
18458466166.1662	-17.0260457
18478486086.0861	-16.97518006
18498506006.006	-16.98925847
18518525925.9259	-16.77641337
18538545845.8458	-16.75733942
18558565765.7658	-16.71152549
18578585685.6857	-16.6988657
18598605605.6056	-16.71827784
18618625525.5255	-16.70746747
18638645445.4454	-16.74633785
18658665365.3654	-16.73937991
18678685285.2853	-16.8267246
18698705205.2052	-16.85084752
18718725125.1251	-17.07530296
18738745045.045	-17.14939347
18758764964.965	-17.16333427
18778784884.8849	-17.45472662
18798804804.8048	-17.29372661
18818824724.7247	-17.28066122
18838844644.6446	-17.28881235
18858864564.5646	-16.98760059
18878884484.4845	-16.97183131
18898904404.4044	-16.8919313
18918924324.3243	-16.89066591
18938944244.2442	-16.89465097
18958964164.1642	-16.92387066
18978984084.0841	-16.99465657
18999004004.004	-16.94949621
19019023923.9239	-17.0208995
19039043843.8438	-16.99722733
19059063763.7638	-17.13058398
19079083683.6837	-17.22653437
19099103603.6036	-17.28060799
19119123523.5235	-17.5365813
19139143443.4434	-17.42095098
19159163363.3634	-17.34520846
19179183283.2833	-17.31794584
19199203203.2032	-17.12133467
19219223123.1231	-17.1262787
19239243043.043	-17.07390178
19259262962.963	-17.16530493
19279282882.8829	-17.17626161
19299302802.8028	-17.27469265
19319322722.7227	-17.29483226
19339342642.6426	-17.22600493
19359362562.5626	-17.28902188
19379382482.4825	-17.18682723
19399402402.4024	-17.23505808
19419422322.3223	-17.29523094
19439442242.2422	-17.31181823
19459462162.1622	-17.46621222
19479482082.0821	-17.43225071
19499502002.002	-17.45397324
19519521921.9219	-17.407838
19539541841.8418	-17.29917517
19559561761.7618	-17.30040068
19579581681.6817	-17.27675063
19599601601.6016	-17.41893649
19619621521.5215	-17.44175035
19639641441.4414	-17.64100591
19659661361.3614	-17.63932652
19679681281.2813	-17.5456493
19699701201.2012	-17.5898482
19719721121.1211	-17.40343204
19739741041.041	-17.42637974
19759760960.961	-17.44200067
19779780880.8809	-17.49332085
19799800800.8008	-17.61708093
19819820720.7207	-17.56158489
19839840640.6406	-17.68220683
19859860560.5606	-17.58795324
19879880480.4805	-17.49715229
19899900400.4004	-17.49863187
19919920320.3203	-17.47292563
19939940240.2402	-17.63850469
19959960160.1602	-17.68317864
19979980080.0801	-17.94285416
20000000000	-17.91569757
