# S21_frequency_set	VNA_S21_trace
# "S21 frequency"	"S21 magnitude"
# 1000
100000	-10.80479391
20119919.9199199	-29.42778099
40139839.8398398	-21.3774522
60159759.7597598	-17.47724256
80179679.6796797	-17.88900513
100199599.5996	-19.91242288
120219519.51952	-21.43857079
140239439.439439	-21.50545199
160259359.359359	-20.879726
180279279.279279	-19.23004435
200299199.199199	-16.90282172
220319119.119119	-14.3966496
240339039.039039	-12.65984782
260358958.958959	-14.60346982
280378878.878879	-14.30127174
300398798.798799	-15.75974786
320418718.718719	-28.43273285
340438638.638639	-32.69883177
360458558.558559	-28.12780851
380478478.478478	-30.37398528
400498398.398398	-30.94965168
420518318.318318	-32.33126917
440538238.238238	-32.30381566
460558158.158158	-31.46159683
480578078.078078	-33.48346941
500597997.997998	-37.27524554
520617917.917918	-39.6246466
540637837.837838	-39.7388837
560657757.757758	-47.68350539
580677677.677678	-44.08504799
600697597.597598	-45.48067269
620717517.517517	-44.75962246
640737437.437437	-48.55016855
660757357.357357	-54.01316268
680777277.277277	-50.33067885
700797197.197197	-48.64693455
720817117.117117	-54.31641111
740837037.037037	-49.58407302
760856956.956957	-55.19858791
780876876.876877	-56.37541224
800896796.796797	-62.69990579
820916716.716717	-58.49909329
840936636.636637	-45.83460359
860956556.556557	-52.92957712
880976476.476476	-47.80050429
900996396.396396	-60.86526414
921016316.316316	-55.92014239
941036236.236236	-55.37989088
961056156.156156	-51.67249562
981076076.076076	-52.17526641
1001095995.996	-51.76709872
1021115915.91592	-49.68934018
1041135835.83584	-56.19740905
1061155755.75576	-51.94767015
1081175675.67568	-56.31494103
1101195595.5956	-41.27302711
1121215515.51552	-44.2979563
1141235435.43544	-41.24882477
1161255355.35536	-37.36210075
1181275275.27528	-36.35161766
1201295195.1952	-34.87020048
1221315115.11512	-31.29961359
1241335035.03503	-30.52033014
1261354954.95495	-29.80613612
1281374874.87487	-28.56462001
1301394794.79479	-28.2242772
1321414714.71471	-27.22226614
1341434634.63463	-25.86240377
1361454554.55455	-24.5774616
1381474474.47447	-24.43823372
1401494394.39439	-24.08006954
1421514314.31431	-23.35313066
1441534234.23423	-22.86294687
1461554154.15415	-22.89940182
1481574074.07407	-22.08439175
1501593993.99399	-21.40619415
1521613913.91391	-21.23471022
1541633833.83383	-20.95972777
1561653753.75375	-20.40153099
1581673673.67367	-20.33035175
1601693593.59359	-19.81999488
1621713513.51351	-19.66442669
1641733433.43343	-19.3843484
1661753353.35335	-19.04733516
1681773273.27327	-18.89911978
1701793193.19319	-18.88853262
1721813113.11311	-18.3215367
1741833033.03303	-18.14610531
1761852952.95295	-17.82921307
1781872872.87287	-17.66718864
1801892792.79279	-17.52799381
1821912712.71271	-17.59292195
1841932632.63263	-17.48986879
1861952552.55255	-17.2094852
1881972472.47247	-17.17037211
1901992392.39239	-17.11745353
1922012312.31231	-17.10794412
1942032232.23223	-16.96266334
1962052152.15215	-16.91279745
1982072072.07207	-16.98031998
2002091991.99199	-16.73346582
2022111911.91191	-16.58504291
2042131831.83183	-16.42992856
2062151751.75175	-16.61151099
2082171671.67167	-16.47294655
2102191591.59159	-16.37791289
2122211511.51151	-16.26733608
2142231431.43143	-16.38324364
2162251351.35135	-16.27615423
2182271271.27127	-16.39380342
2202291191.19119	-16.2434786
2222311111.11111	-16.12680331
2242331031.03103	-16.31222138
2262350950.95095	-16.17439524
2282370870.87087	-16.35872274
2302390790.79079	-16.35412062
2322410710.71071	-16.12354185
2342430630.63063	-16.18020137
2362450550.55055	-16.13125259
2382470470.47047	-16.572965
2402490390.39039	-16.24924367
2422510310.31031	-16.48023174
2442530230.23023	-16.27623056
2462550150.15015	-16.37286781
2482570070.07007	-16.56132653
2502589989.98999	-16.80680362
2522609909.90991	-16.80574778
2542629829.82983	-16.8925038
2562649749.74975	-16.99918123
2582669669.66967	-16.96123477
2602689589.58959	-17.13274834
2622709509.50951	-17.26731868
2642729429.42943	-17.47220961
2662749349.34935	-17.30257414
2682769269.26927	-17.29317015
2702789189.18919	-17.35985417
2722809109.10911	-17.51004217
2742829029.02903	-17.38800696
2762848948.94895	-17.60718239
2782868868.86887	-17.51430201
2802888788.78879	-17.72899338
2822908708.70871	-17.73517205
2842928628.62863	-17.66493631
2862948548.54855	-17.92486104
2882968468.46847	-17.91560937
2902988388.38839	-18.06899629
2923008308.30831	-18.03324457
2943028228.22823	-17.97570856
2963048148.14815	-18.27610657
2983068068.06807	-18.27421674
3003087987.98799	-18.2078027
3023107907.90791	-18.26931818
3043127827.82783	-18.53916168
3063147747.74775	-18.55647437
3083167667.66767	-18.52967747
3103187587.58759	-18.6260785
3123207507.50751	-18.78068748
3143227427.42743	-18.81052862
3163247347.34735	-19.06060885
3183267267.26727	-18.86148002
3203287187.18719	-19.21286765
3223307107.10711	-19.15413735
3243327027.02703	-18.93602794
3263346946.94695	-19.06593274
3283366866.86687	-19.29555964
3303386786.78679	-19.19733166
3323406706.70671	-19.34932973
3343426626.62663	-19.40536198
3363446546.54655	-19.41868451
3383466466.46647	-19.67562207
3403486386.38639	-19.69912244
3423506306.30631	-19.60438043
3443526226.22623	-19.53080645
3463546146.14615	-19.64353589
3483566066.06607	-19.91804992
3503585985.98599	-19.68245151
3523605905.90591	-19.82910965
3543625825.82583	-19.98873254
3563645745.74575	-20.1785291
3583665665.66567	-20.15557158
3603685585.58559	-20.23797835
3623705505.50551	-20.0390226
3643725425.42543	-20.05700244
3663745345.34535	-20.28730151
3683765265.26526	-20.32881246
3703785185.18518	-20.39953201
3723805105.1051	-20.4620894
3743825025.02502	-20.57638717
3763844944.94494	-20.683523
3783864864.86486	-20.41055367
3803884784.78478	-20.7508842
3823904704.7047	-20.79256779
3843924624.62462	-20.80424922
3863944544.54454	-20.67830775
3883964464.46446	-20.90088178
3903984384.38438	-20.91798429
3924004304.3043	-20.96527029
3944024224.22422	-21.14247406
3964044144.14414	-21.22705538
3984064064.06406	-21.2911948
4004083983.98398	-21.22573884
4024103903.9039	-21.35271729
4044123823.82382	-21.34700276
4064143743.74374	-21.65084881
4084163663.66366	-21.48697405
4104183583.58358	-21.51392888
4124203503.5035	-21.83256925
4144223423.42342	-21.64477149
4164243343.34334	-21.84460183
4184263263.26326	-21.91599145
4204283183.18318	-21.73914945
4224303103.1031	-21.96878848
4244323023.02302	-21.9704848
4264342942.94294	-21.92655337
4284362862.86286	-21.84160737
4304382782.78278	-22.09522252
4324402702.7027	-22.08864887
4344422622.62262	-22.11517349
4364442542.54254	-22.32574258
4384462462.46246	-22.31670823
4404482382.38238	-22.27465917
4424502302.3023	-22.48869687
4444522222.22222	-22.56980863
4464542142.14214	-22.38784695
4484562062.06206	-22.54971516
4504581981.98198	-22.73832912
4524601901.9019	-22.8125837
4544621821.82182	-22.90340692
4564641741.74174	-22.81727832
4584661661.66166	-22.96134671
4604681581.58158	-23.28063636
4624701501.5015	-23.04533583
4644721421.42142	-23.16245402
4664741341.34134	-23.17533962
4684761261.26126	-23.38189302
4704781181.18118	-23.22560644
4724801101.1011	-23.50349771
4744821021.02102	-23.35944208
4764840940.94094	-23.43461537
4784860860.86086	-23.45691161
4804880780.78078	-23.50013739
4824900700.7007	-23.48302447
4844920620.62062	-23.79166355
4864940540.54054	-23.72132909
4884960460.46046	-23.82485056
4904980380.38038	-23.59956877
4925000300.3003	-23.65516375
4945020220.22022	-23.95326787
4965040140.14014	-23.82100258
4985060060.06006	-24.06064601
5005079979.97998	-24.04820484
5025099899.8999	-24.1985937
5045119819.81982	-24.23669345
5065139739.73974	-24.05805276
5085159659.65966	-24.16262959
5105179579.57958	-24.18195931
5125199499.4995	-24.30297021
5145219419.41942	-24.10252302
5165239339.33934	-24.43165646
5185259259.25926	-24.57217156
5205279179.17918	-24.66379428
5225299099.0991	-24.2035485
5245319019.01902	-24.845044
5265338938.93894	-24.5646095
5285358858.85886	-24.63612844
5305378778.77878	-24.75608128
5325398698.6987	-24.76811705
5345418618.61862	-24.71506278
5365438538.53854	-25.04236162
5385458458.45846	-24.98443401
5405478378.37838	-25.04456823
5425498298.2983	-25.23237721
5445518218.21822	-25.22918116
5465538138.13814	-25.24438175
5485558058.05806	-25.32973051
5505577977.97798	-25.30701012
5525597897.8979	-25.36821551
5545617817.81782	-25.48691133
5565637737.73774	-25.55015451
5585657657.65766	-25.51053674
5605677577.57758	-25.55412673
5625697497.4975	-26.11873995
5645717417.41742	-25.71988059
5665737337.33734	-25.67654324
5685757257.25726	-25.5969056
5705777177.17718	-25.74273012
5725797097.0971	-25.93263084
5745817017.01702	-25.96095775
5765836936.93694	-26.24397031
5785856856.85686	-26.2286515
5805876776.77678	-26.34139114
5825896696.6967	-25.93312698
5845916616.61662	-26.12973069
5865936536.53654	-26.36980272
5885956456.45646	-26.33044199
5905976376.37638	-26.62398891
5925996296.2963	-26.67747675
5946016216.21622	-26.63634599
5966036136.13614	-26.48134737
5986056056.05606	-26.74769375
6006075975.97598	-26.83934883
6026095895.8959	-26.87457738
6046115815.81582	-26.76528971
6066135735.73574	-26.88495752
6086155655.65566	-26.73047346
6106175575.57558	-26.59355699
6126195495.49549	-26.53641844
6146215415.41541	-27.11909746
6166235335.33533	-27.24906932
6186255255.25525	-27.03661028
6206275175.17517	-27.44685577
6226295095.09509	-27.43584597
6246315015.01501	-27.10567597
6266334934.93493	-27.01955019
6286354854.85485	-26.98320458
6306374774.77477	-27.51446874
6326394694.69469	-27.75122117
6346414614.61461	-27.60847826
6366434534.53453	-27.54732116
6386454454.45445	-27.41270696
6406474374.37437	-27.35489014
6426494294.29429	-27.43259308
6446514214.21421	-28.15475451
6466534134.13413	-27.64382067
6486554054.05405	-28.0205436
6506573973.97397	-27.82051468
6526593893.89389	-27.95127483
6546613813.81381	-27.95039422
6566633733.73373	-28.04694959
6586653653.65365	-28.0448647
6606673573.57357	-28.12244808
6626693493.49349	-28.36094536
6646713413.41341	-28.76760626
6666733333.33333	-28.66053792
6686753253.25325	-28.62331884
6706773173.17317	-28.28906613
6726793093.09309	-28.96584439
6746813013.01301	-27.95053867
6766832932.93293	-28.67066165
6786852852.85285	-28.60751565
6806872772.77277	-28.93711947
6826892692.69269	-28.37394006
6846912612.61261	-28.69194638
6866932532.53253	-29.0628657
6886952452.45245	-28.91140455
6906972372.37237	-29.14221097
6926992292.29229	-28.97688705
6947012212.21221	-28.74307601
6967032132.13213	-29.02319413
6987052052.05205	-29.48184794
7007071971.97197	-29.53615811
7027091891.89189	-29.01611059
7047111811.81181	-29.75879621
7067131731.73173	-29.21854138
7087151651.65165	-28.98051414
7107171571.57157	-29.34599396
7127191491.49149	-29.4777526
7147211411.41141	-29.33080972
7167231331.33133	-29.60482382
7187251251.25125	-29.7700118
7207271171.17117	-29.66234564
7227291091.09109	-29.9331636
7247311011.01101	-29.35046189
7267330930.93093	-29.36297169
7287350850.85085	-29.90940761
7307370770.77077	-29.63075363
7327390690.69069	-29.54955352
7347410610.61061	-29.94654393
7367430530.53053	-30.25139487
7387450450.45045	-30.34483592
7407470370.37037	-29.6707546
7427490290.29029	-30.44146718
7447510210.21021	-29.98245718
7467530130.13013	-30.17618986
7487550050.05005	-30.07642411
7507569969.96997	-29.85523665
7527589889.88989	-30.25104885
7547609809.80981	-30.26015185
7567629729.72973	-30.9904906
7587649649.64965	-30.38333224
7607669569.56957	-30.97098562
7627689489.48949	-30.5464139
7647709409.40941	-31.09051232
7667729329.32933	-30.66339788
7687749249.24925	-31.27780823
7707769169.16917	-31.56405529
7727789089.08909	-32.32741958
7747809009.00901	-32.68025888
7767828928.92893	-31.58109559
7787848848.84885	-31.2436549
7807868768.76877	-32.06111401
7827888688.68869	-32.14250757
7847908608.60861	-32.23466881
7867928528.52853	-31.81406059
7887948448.44845	-31.77979334
7907968368.36837	-31.82136293
7927988288.28829	-32.82392214
7948008208.20821	-31.26686049
7968028128.12813	-31.9830872
7988048048.04805	-31.08502785
8008067967.96797	-31.03826068
8028087887.88789	-31.30370502
8048107807.80781	-31.08049507
8068127727.72773	-31.97057464
8088147647.64765	-31.54551793
8108167567.56757	-31.1929099
8128187487.48749	-31.96941478
8148207407.40741	-31.62394613
8168227327.32733	-31.82444386
8188247247.24725	-31.46270579
8208267167.16717	-30.59722648
8228287087.08709	-31.31579325
8248307007.00701	-31.64077076
8268326926.92693	-32.05091863
8288346846.84685	-31.89047843
8308366766.76677	-32.24173932
8328386686.68669	-31.30931704
8348406606.60661	-31.90779612
8368426526.52653	-31.68487148
8388446446.44645	-31.46812997
8408466366.36637	-31.87137988
8428486286.28629	-32.60252133
8448506206.20621	-31.41157096
8468526126.12613	-33.47804381
8488546046.04605	-33.112572
8508565965.96597	-33.15724035
8528585885.88589	-33.18480294
8548605805.80581	-33.28799262
8568625725.72573	-33.05741012
8588645645.64565	-33.85888793
8608665565.56557	-34.04138502
8628685485.48549	-32.94979266
8648705405.40541	-33.61457756
8668725325.32533	-33.07835175
8688745245.24524	-32.78734568
8708765165.16516	-33.61023357
8728785085.08508	-33.55999901
8748805005.005	-33.74179912
8768824924.92492	-33.53058577
8788844844.84484	-32.75129716
8808864764.76476	-32.80271343
8828884684.68468	-33.70787598
8848904604.6046	-33.51517541
8868924524.52452	-32.67828696
8888944444.44444	-32.86527538
8908964364.36436	-33.58520712
8928984284.28428	-33.06236157
8949004204.2042	-34.01004131
8969024124.12412	-33.64750021
8989044044.04404	-33.6387704
9009063963.96396	-34.12891184
9029083883.88388	-33.62108901
9049103803.8038	-33.04589706
9069123723.72372	-33.72842992
9089143643.64364	-33.42074734
9109163563.56356	-33.5813737
9129183483.48348	-33.13056014
9149203403.4034	-33.66475956
9169223323.32332	-33.10493052
9189243243.24324	-34.33338583
9209263163.16316	-34.06935404
9229283083.08308	-34.37614545
9249303003.003	-34.02440719
9269322922.92292	-35.23861105
9289342842.84284	-34.60736043
9309362762.76276	-34.34868205
9329382682.68268	-34.57622934
9349402602.6026	-33.84150586
9369422522.52252	-34.75516286
9389442442.44244	-34.08789017
9409462362.36236	-34.56011339
9429482282.28228	-34.50740735
9449502202.2022	-34.61071874
9469522122.12212	-34.55748068
9489542042.04204	-34.86143833
9509561961.96196	-34.86372089
9529581881.88188	-34.47673494
9549601801.8018	-34.39626769
9569621721.72172	-34.07909965
9589641641.64164	-34.93308822
9609661561.56156	-33.87803535
9629681481.48148	-33.81354
9649701401.4014	-34.68691246
9669721321.32132	-35.34234728
9689741241.24124	-34.4719298
9709761161.16116	-33.55596076
9729781081.08108	-35.28951823
9749801001.001	-35.36111024
9769820920.92092	-34.91731925
9789840840.84084	-34.52090124
9809860760.76076	-35.38474216
9829880680.68068	-35.2795538
9849900600.6006	-35.36110986
9869920520.52052	-35.89320503
9889940440.44044	-36.63727333
9909960360.36036	-36.6301682
9929980280.28028	-36.6883696
9950000200.2002	-37.34676557
9970020120.12012	-36.11535242
9990040040.04004	-34.75600117
10010059959.96	-36.56973649
10030079879.8799	-36.11070644
10050099799.7998	-37.41556306
10070119719.7197	-37.20028125
10090139639.6396	-35.1518081
10110159559.5596	-35.43160331
10130179479.4795	-36.55135532
10150199399.3994	-34.93172029
10170219319.3193	-36.14876521
10190239239.2392	-35.96059332
10210259159.1592	-35.24566585
10230279079.0791	-36.28835156
10250298998.999	-35.1832757
10270318918.9189	-35.5460058
10290338838.8388	-35.2379752
10310358758.7588	-36.51077905
10330378678.6787	-36.30942479
10350398598.5986	-35.3201269
10370418518.5185	-35.37913548
10390438438.4384	-36.64524634
10410458358.3584	-37.14131409
10430478278.2783	-36.6953904
10450498198.1982	-36.93315402
10470518118.1181	-37.44644696
10490538038.038	-36.94581281
10510557957.958	-37.18419531
10530577877.8779	-37.50744601
10550597797.7978	-38.92391599
10570617717.7177	-37.04638617
10590637637.6376	-38.51987417
10610657557.5576	-37.68697489
10630677477.4775	-39.51573247
10650697397.3974	-38.30655014
10670717317.3173	-37.6357552
10690737237.2372	-37.44571049
10710757157.1572	-36.53632498
10730777077.0771	-39.17395039
10750796996.997	-37.07575907
10770816916.9169	-37.83936217
10790836836.8368	-37.57800881
10810856756.7568	-36.66393604
10830876676.6767	-38.2466812
10850896596.5966	-37.66399381
10870916516.5165	-39.59654741
10890936436.4364	-39.78645211
10910956356.3564	-39.90936676
10930976276.2763	-38.90313129
10950996196.1962	-38.76566784
10971016116.1161	-39.45779661
10991036036.036	-40.54352111
11011055955.956	-40.25775413
11031075875.8759	-38.80188979
11051095795.7958	-40.02819312
11071115715.7157	-39.38413007
11091135635.6356	-39.50958632
11111155555.5556	-38.73469967
11131175475.4755	-35.72633585
11151195395.3954	-38.15692586
11171215315.3153	-38.40956867
11191235235.2352	-38.82817836
11211255155.1552	-39.90449648
11231275075.0751	-36.91155804
11251294994.995	-37.83214147
11271314914.9149	-40.61217413
11291334834.8348	-39.67403263
11311354754.7548	-37.7480539
11331374674.6747	-38.59494324
11351394594.5946	-40.73266802
11371414514.5145	-40.40554933
11391434434.4344	-39.88843156
11411454354.3544	-40.70920644
11431474274.2743	-38.952496
11451494194.1942	-39.58215226
11471514114.1141	-41.24902341
11491534034.034	-39.74828932
11511553953.954	-38.81358517
11531573873.8739	-40.36947497
11551593793.7938	-38.65323821
11571613713.7137	-41.1011583
11591633633.6336	-39.01014219
11611653553.5536	-38.95486592
11631673473.4735	-38.03517895
11651693393.3934	-37.43872033
11671713313.3133	-38.78511883
11691733233.2332	-39.09328731
11711753153.1532	-38.41796703
11731773073.0731	-39.21136952
11751792992.993	-39.17644304
11771812912.9129	-38.28719714
11791832832.8328	-40.15524821
11811852752.7528	-40.42318063
11831872672.6727	-39.19529993
11851892592.5926	-38.95842853
11871912512.5125	-39.81891598
11891932432.4324	-39.50970489
11911952352.3524	-38.7152725
11931972272.2723	-42.02719561
11951992192.1922	-40.64112856
11972012112.1121	-41.04776998
11992032032.032	-39.89215828
12012051951.952	-38.67264303
12032071871.8719	-41.20738557
12052091791.7918	-40.79368107
12072111711.7117	-40.76213525
12092131631.6316	-40.7669857
12112151551.5516	-39.87282201
12132171471.4715	-41.82133669
12152191391.3914	-41.06547285
12172211311.3113	-41.94646387
12192231231.2312	-43.34825131
12212251151.1512	-40.40999877
12232271071.0711	-40.25650501
12252290990.991	-41.70365491
12272310910.9109	-41.93849388
12292330830.8308	-44.42126031
12312350750.7507	-42.68028338
12332370670.6707	-42.67912704
12352390590.5906	-39.89218871
12372410510.5105	-39.99332153
12392430430.4304	-39.92954715
12412450350.3503	-41.56002492
12432470270.2703	-40.98752913
12452490190.1902	-41.37106389
12472510110.1101	-42.25624699
12492530030.03	-41.57174792
12512549949.9499	-42.96759621
12532569869.8699	-39.90024669
12552589789.7898	-43.01990614
12572609709.7097	-42.8127303
12592629629.6296	-44.16443763
12612649549.5495	-40.7301124
12632669469.4695	-41.78948694
12652689389.3894	-42.71353975
12672709309.3093	-40.54208211
12692729229.2292	-46.05163842
12712749149.1491	-42.45735349
12732769069.0691	-41.22025927
12752788988.989	-42.27769599
12772808908.9089	-43.07046199
12792828828.8288	-39.06393311
12812848748.7487	-39.74403993
12832868668.6687	-42.86435685
12852888588.5886	-41.96714005
12872908508.5085	-41.07298078
12892928428.4284	-43.71556376
12912948348.3483	-43.52001893
12932968268.2683	-44.34601663
12952988188.1882	-43.21158396
12973008108.1081	-45.60337654
12993028028.028	-47.10283424
13013047947.9479	-45.49152994
13033067867.8679	-43.99671053
13053087787.7878	-46.66382326
13073107707.7077	-43.20283778
13093127627.6276	-46.3063282
13113147547.5475	-46.06615298
13133167467.4675	-42.15340652
13153187387.3874	-41.15814472
13173207307.3073	-49.96841668
13193227227.2272	-43.41544243
13213247147.1471	-45.75479692
13233267067.0671	-44.67661908
13253286986.987	-41.55841433
13273306906.9069	-41.04552432
13293326826.8268	-42.40611236
13313346746.7467	-40.0210071
13333366666.6667	-41.73407379
13353386586.5866	-42.65247869
13373406506.5065	-43.56031597
13393426426.4264	-43.5688883
13413446346.3463	-39.67011845
13433466266.2663	-44.61442908
13453486186.1862	-43.1329013
13473506106.1061	-45.62483482
13493526026.026	-53.46635659
13513545945.9459	-44.22019234
13533565865.8659	-42.50622828
13553585785.7858	-47.52489126
13573605705.7057	-41.57078278
13593625625.6256	-42.96483395
13613645545.5455	-44.03784569
13633665465.4655	-44.69743473
13653685385.3854	-44.10012736
13673705305.3053	-43.52829797
13693725225.2252	-46.51446921
13713745145.1451	-40.45282487
13733765065.0651	-41.99811384
13753784984.985	-45.22296508
13773804904.9049	-42.73835956
13793824824.8248	-41.12936016
13813844744.7447	-40.53461645
13833864664.6647	-45.85981268
13853884584.5846	-42.67463051
13873904504.5045	-44.26642614
13893924424.4244	-44.83757569
13913944344.3443	-42.0857079
13933964264.2643	-41.9026328
13953984184.1842	-44.21701393
13974004104.1041	-46.03826987
13994024024.024	-43.3456507
14014043943.9439	-39.73448148
14034063863.8639	-43.59117589
14054083783.7838	-44.25519647
14074103703.7037	-44.19538413
14094123623.6236	-49.46796666
14114143543.5435	-42.24755499
14134163463.4635	-48.18313261
14154183383.3834	-47.30596228
14174203303.3033	-44.70230406
14194223223.2232	-47.03890319
14214243143.1431	-44.059445
14234263063.0631	-49.19754364
14254282982.983	-48.73249829
14274302902.9029	-46.46440237
14294322822.8228	-45.3566956
14314342742.7427	-53.9385312
14334362662.6627	-47.42665203
14354382582.5826	-45.97867274
14374402502.5025	-48.74255099
14394422422.4224	-49.37944452
14414442342.3423	-47.76356661
14434462262.2623	-44.43665103
14454482182.1822	-44.45642637
14474502102.1021	-45.60172153
14494522022.022	-52.50682517
14514541941.9419	-45.03612053
14534561861.8619	-54.34264214
14554581781.7818	-46.02716457
14574601701.7017	-49.82064043
14594621621.6216	-48.89240792
14614641541.5415	-46.92898713
14634661461.4615	-47.48232554
14654681381.3814	-46.70667741
14674701301.3013	-47.39636151
14694721221.2212	-53.56056095
14714741141.1411	-47.65323195
14734761061.0611	-46.81196243
14754780980.981	-44.93434554
14774800900.9009	-54.30829451
14794820820.8208	-45.72946981
14814840740.7407	-49.94819243
14834860660.6607	-47.00515582
14854880580.5806	-44.12446779
14874900500.5005	-49.96546613
14894920420.4204	-46.99552287
14914940340.3403	-46.39678096
14934960260.2603	-46.48781135
14954980180.1802	-43.21618716
14975000100.1001	-45.17967647
14995020020.02	-43.75443208
15015039939.9399	-46.81752115
15035059859.8599	-45.3059412
15055079779.7798	-42.54019093
15075099699.6997	-49.60826452
15095119619.6196	-43.54969691
15115139539.5395	-44.39708399
15135159459.4595	-47.25467969
15155179379.3794	-48.29349021
15175199299.2993	-46.29460431
15195219219.2192	-50.66018164
15215239139.1391	-47.43869377
15235259059.0591	-49.64233795
15255278978.979	-45.26035329
15275298898.8989	-53.03793179
15295318818.8188	-50.51723163
15315338738.7387	-48.6456352
15335358658.6587	-48.02775789
15355378578.5786	-48.84767995
15375398498.4985	-52.78973268
15395418418.4184	-48.18287537
15415438338.3383	-48.39296821
15435458258.2583	-46.80912036
15455478178.1782	-46.5810064
15475498098.0981	-53.16806087
15495518018.018	-49.48338113
15515537937.9379	-45.59886041
15535557857.8579	-51.58337643
15555577777.7778	-48.79738276
15575597697.6977	-48.63274128
15595617617.6176	-47.23042915
15615637537.5375	-49.0110538
15635657457.4575	-52.11419129
15655677377.3774	-53.73403512
15675697297.2973	-50.50144086
15695717217.2172	-48.50245847
15715737137.1371	-61.03665451
15735757057.0571	-49.09954288
15755776976.977	-51.00102804
15775796896.8969	-50.84543266
15795816816.8168	-45.61616509
15815836736.7367	-46.44095961
15835856656.6567	-45.77515553
15855876576.5766	-48.5022474
15875896496.4965	-47.94406755
15895916416.4164	-46.75575044
15915936336.3363	-49.62789853
15935956256.2563	-51.23171145
15955976176.1762	-55.97589711
15975996096.0961	-49.30508965
15996016016.016	-45.42135499
16016035935.9359	-43.17324789
16036055855.8559	-46.42119943
16056075775.7758	-45.42343393
16076095695.6957	-47.23784699
16096115615.6156	-47.50369209
16116135535.5355	-45.6127209
16136155455.4555	-46.74915303
16156175375.3754	-51.5593041
16176195295.2953	-46.67910785
16196215215.2152	-48.2892937
16216235135.1351	-47.05708557
16236255055.0551	-45.09524348
16256274974.975	-45.39368214
16276294894.8949	-44.80386165
16296314814.8148	-45.69078844
16316334734.7347	-46.72223645
16336354654.6547	-46.59621567
16356374574.5746	-46.9392006
16376394494.4945	-61.6988009
16396414414.4144	-75.87502277
16416434334.3343	-52.87045375
16436454254.2543	-45.19514357
16456474174.1742	-59.67852304
16476494094.0941	-54.03749004
16496514014.014	-47.38792764
16516533933.9339	-52.40336661
16536553853.8539	-46.8920256
16556573773.7738	-50.86828766
16576593693.6937	-50.86851123
16596613613.6136	-47.23396032
16616633533.5335	-49.58737621
16636653453.4535	-49.13716046
16656673373.3734	-46.69649836
16676693293.2933	-54.8681198
16696713213.2132	-58.59665413
16716733133.1331	-46.70254414
16736753053.0531	-62.52047588
16756772972.973	-54.78192828
16776792892.8929	-52.71043037
16796812812.8128	-61.97818913
16816832732.7327	-45.38160962
16836852652.6527	-49.81501834
16856872572.5726	-49.02187411
16876892492.4925	-47.59521542
16896912412.4124	-58.19277349
16916932332.3323	-46.05328421
16936952252.2523	-55.45571044
16956972172.1722	-53.51419645
16976992092.0921	-47.24985786
16997012012.012	-61.8662229
17017031931.9319	-56.55083959
17037051851.8519	-62.58379913
17057071771.7718	-52.79623046
17077091691.6917	-50.51719985
17097111611.6116	-53.96142266
17117131531.5315	-51.02830928
17137151451.4515	-54.4386102
17157171371.3714	-53.49284766
17177191291.2913	-52.6806773
17197211211.2112	-55.4480515
17217231131.1311	-45.89564073
17237251051.0511	-49.48418695
17257270970.971	-49.45960589
17277290890.8909	-56.68552842
17297310810.8108	-47.35612756
17317330730.7307	-48.96322509
17337350650.6507	-60.46782668
17357370570.5706	-44.90682527
17377390490.4905	-50.51963466
17397410410.4104	-46.03814589
17417430330.3303	-45.29532876
17437450250.2502	-47.70597528
17457470170.1702	-42.42906455
17477490090.0901	-51.29555837
17497510010.01	-48.47175298
17517529929.9299	-55.58937856
17537549849.8498	-49.28292696
17557569769.7698	-54.85605137
17577589689.6897	-49.6427697
17597609609.6096	-49.88590066
17617629529.5295	-55.83407169
17637649449.4494	-46.79857871
17657669369.3694	-46.7074953
17677689289.2893	-56.39802192
17697709209.2092	-48.75374784
17717729129.1291	-46.0109208
17737749049.049	-48.53833252
17757768968.969	-54.42630103
17777788888.8889	-46.95997941
17797808808.8088	-53.43839585
17817828728.7287	-55.30256694
17837848648.6486	-58.10094215
17857868568.5686	-52.01922776
17877888488.4885	-56.91389951
17897908408.4084	-55.33621243
17917928328.3283	-50.29336179
17937948248.2482	-51.831754
17957968168.1682	-52.89056749
17977988088.0881	-49.46388552
17998008008.008	-54.02993716
18018027927.9279	-58.60658999
18038047847.8478	-48.44984623
18058067767.7678	-50.76435042
18078087687.6877	-47.55445034
18098107607.6076	-46.7264313
18118127527.5275	-48.6443438
18138147447.4474	-54.82160889
18158167367.3674	-60.83057245
18178187287.2873	-52.65303628
18198207207.2072	-48.8973836
18218227127.1271	-48.39104628
18238247047.047	-51.82978066
18258266966.967	-54.47931333
18278286886.8869	-49.71565511
18298306806.8068	-54.48771359
18318326726.7267	-49.16456478
18338346646.6466	-45.62223713
18358366566.5666	-53.45405394
18378386486.4865	-48.32062217
18398406406.4064	-55.06829573
18418426326.3263	-51.48084456
18438446246.2462	-50.36701835
18458466166.1662	-46.58643152
18478486086.0861	-48.67005493
18498506006.006	-48.54652768
18518525925.9259	-55.62746593
18538545845.8458	-48.44971977
18558565765.7658	-62.89078176
18578585685.6857	-49.53127688
18598605605.6056	-52.50013487
18618625525.5255	-50.10505343
18638645445.4454	-51.58556476
18658665365.3654	-56.60962676
18678685285.2853	-61.26951302
18698705205.2052	-50.36620055
18718725125.1251	-53.61962361
18738745045.045	-50.21512173
18758764964.965	-53.82759159
18778784884.8849	-51.94037695
18798804804.8048	-57.99155858
18818824724.7247	-51.3325947
18838844644.6446	-53.47829305
18858864564.5646	-49.27471918
18878884484.4845	-48.83030932
18898904404.4044	-56.97115324
18918924324.3243	-46.64591604
18938944244.2442	-51.84083936
18958964164.1642	-58.47737904
18978984084.0841	-54.75379695
18999004004.004	-49.73333363
19019023923.9239	-53.98913749
19039043843.8438	-51.41774826
19059063763.7638	-51.55359001
19079083683.6837	-53.51260319
19099103603.6036	-53.03074956
19119123523.5235	-48.24245528
19139143443.4434	-70.51323413
19159163363.3634	-55.79589944
19179183283.2833	-51.06025955
19199203203.2032	-53.26758502
19219223123.1231	-51.68351945
19239243043.043	-49.40524908
19259262962.963	-52.52077219
19279282882.8829	-53.30627458
19299302802.8028	-48.73129421
19319322722.7227	-50.02293979
19339342642.6426	-52.11143045
19359362562.5626	-58.10292695
19379382482.4825	-48.49116099
19399402402.4024	-48.38335503
19419422322.3223	-56.32705807
19439442242.2422	-51.86242794
19459462162.1622	-50.99717955
19479482082.0821	-54.57323222
19499502002.002	-55.63277214
19519521921.9219	-51.13466559
19539541841.8418	-48.52166577
19559561761.7618	-54.92189539
19579581681.6817	-46.18355913
19599601601.6016	-49.24273678
19619621521.5215	-52.16495039
19639641441.4414	-53.8839749
19659661361.3614	-49.3781766
19679681281.2813	-60.64378367
19699701201.2012	-53.26891907
19719721121.1211	-65.8193882
19739741041.041	-48.21399648
19759760960.961	-48.19627408
19779780880.8809	-51.00353831
19799800800.8008	-47.1105353
19819820720.7207	-66.35816364
19839840640.6406	-47.58671383
19859860560.5606	-48.75266318
19879880480.4805	-48.32935299
19899900400.4004	-47.10229487
19919920320.3203	-49.1179437
19939940240.2402	-68.38635578
19959960160.1602	-55.30075396
19979980080.0801	-46.99896391
20000000000	-59.72072423
