# S21_frequency_set	VNA_S21_trace
# "S21 frequency"	"S21 magnitude"
# 1000
100000	-11.99674621
20119919.9199199	-14.29844896
40139839.8398398	-15.67447374
60159759.7597598	-15.36056226
80179679.6796797	-14.9964354
100199599.5996	-16.13499164
120219519.51952	-20.08361087
140239439.439439	-24.45269254
160259359.359359	-28.21725325
180279279.279279	-30.72735592
200299199.199199	-31.39370805
220319119.119119	-33.75982533
240339039.039039	-32.30482454
260358958.958959	-31.9724768
280378878.878879	-24.94065566
300398798.798799	-28.09940069
320418718.718719	-34.5822215
340438638.638639	-41.95505532
360458558.558559	-45.21009958
380478478.478478	-44.91411267
400498398.398398	-41.0789658
420518318.318318	-42.33576069
440538238.238238	-40.57722138
460558158.158158	-40.77381183
480578078.078078	-45.67310651
500597997.997998	-49.07016182
520617917.917918	-46.86469429
540637837.837838	-50.11155642
560657757.757758	-48.92113677
580677677.677678	-49.21110001
600697597.597598	-52.40519769
620717517.517517	-53.23348954
640737437.437437	-52.69695604
660757357.357357	-55.91075028
680777277.277277	-54.74946253
700797197.197197	-48.49433391
720817117.117117	-47.81970095
740837037.037037	-51.95502809
760856956.956957	-78.31161045
780876876.876877	-51.19888251
800896796.796797	-61.76022224
820916716.716717	-70.17358712
840936636.636637	-53.18516173
860956556.556557	-65.65878412
880976476.476476	-59.46388778
900996396.396396	-51.93454476
921016316.316316	-46.87518315
941036236.236236	-57.70468696
961056156.156156	-59.45058884
981076076.076076	-61.322395
1001095995.996	-51.78859494
1021115915.91592	-66.97215458
1041135835.83584	-50.10623635
1061155755.75576	-58.81551181
1081175675.67568	-48.56830185
1101195595.5956	-49.0522116
1121215515.51552	-50.81638388
1141235435.43544	-53.77456685
1161255355.35536	-51.49716765
1181275275.27528	-50.20949836
1201295195.1952	-48.56865534
1221315115.11512	-43.01012069
1241335035.03503	-41.85703181
1261354954.95495	-39.64065491
1281374874.87487	-42.41476193
1301394794.79479	-37.81241253
1321414714.71471	-38.6722721
1341434634.63463	-37.83564031
1361454554.55455	-36.50010449
1381474474.47447	-34.88124758
1401494394.39439	-36.46893382
1421514314.31431	-36.17435214
1441534234.23423	-34.81531407
1461554154.15415	-33.67123125
1481574074.07407	-33.95341858
1501593993.99399	-34.91450201
1521613913.91391	-34.49251272
1541633833.83383	-34.54874952
1561653753.75375	-34.13190781
1581673673.67367	-33.17979876
1601693593.59359	-32.95819533
1621713513.51351	-31.38121055
1641733433.43343	-31.49262668
1661753353.35335	-32.50211698
1681773273.27327	-31.31275031
1701793193.19319	-31.45773937
1721813113.11311	-30.30762636
1741833033.03303	-30.23446959
1761852952.95295	-29.98210659
1781872872.87287	-29.15145627
1801892792.79279	-29.75426333
1821912712.71271	-29.48999578
1841932632.63263	-29.50142644
1861952552.55255	-29.62526393
1881972472.47247	-29.29151409
1901992392.39239	-28.79602388
1922012312.31231	-28.7366519
1942032232.23223	-29.01127388
1962052152.15215	-29.81752189
1982072072.07207	-28.82179104
2002091991.99199	-29.34708872
2022111911.91191	-28.89739301
2042131831.83183	-29.09794176
2062151751.75175	-29.02166533
2082171671.67167	-28.83408378
2102191591.59159	-28.89145697
2122211511.51151	-28.17259656
2142231431.43143	-28.68865346
2162251351.35135	-28.15732663
2182271271.27127	-28.58157139
2202291191.19119	-28.82722886
2222311111.11111	-28.55880047
2242331031.03103	-29.38707734
2262350950.95095	-28.34376799
2282370870.87087	-28.10068429
2302390790.79079	-28.15305388
2322410710.71071	-28.87951953
2342430630.63063	-28.66293753
2362450550.55055	-28.81004195
2382470470.47047	-28.25789615
2402490390.39039	-28.35126871
2422510310.31031	-28.97598447
2442530230.23023	-29.43516983
2462550150.15015	-28.21350148
2482570070.07007	-30.46996521
2502589989.98999	-29.34079863
2522609909.90991	-29.46012376
2542629829.82983	-28.60806719
2562649749.74975	-29.02919865
2582669669.66967	-29.01976252
2602689589.58959	-29.30817991
2622709509.50951	-29.30231947
2642729429.42943	-29.4511272
2662749349.34935	-29.234204
2682769269.26927	-29.57975543
2702789189.18919	-29.58484695
2722809109.10911	-29.55344871
2742829029.02903	-30.13159243
2762848948.94895	-29.94941242
2782868868.86887	-29.62733601
2802888788.78879	-29.84409062
2822908708.70871	-30.2210506
2842928628.62863	-29.86839345
2862948548.54855	-30.21583679
2882968468.46847	-30.43220854
2902988388.38839	-30.09473694
2923008308.30831	-30.49273447
2943028228.22823	-30.43723462
2963048148.14815	-30.17921474
2983068068.06807	-30.02664827
3003087987.98799	-30.54854144
3023107907.90791	-30.74213778
3043127827.82783	-30.47897681
3063147747.74775	-30.43224402
3083167667.66767	-30.86821673
3103187587.58759	-30.80496745
3123207507.50751	-30.87615692
3143227427.42743	-31.54938428
3163247347.34735	-31.53419266
3183267267.26727	-30.60000247
3203287187.18719	-31.28531769
3223307107.10711	-30.69238463
3243327027.02703	-31.22851696
3263346946.94695	-31.61144441
3283366866.86687	-31.34040343
3303386786.78679	-32.23077121
3323406706.70671	-31.3188672
3343426626.62663	-31.22563831
3363446546.54655	-31.62237231
3383466466.46647	-32.58127113
3403486386.38639	-32.32551375
3423506306.30631	-31.62457599
3443526226.22623	-32.08320791
3463546146.14615	-32.56290132
3483566066.06607	-31.96261519
3503585985.98599	-31.86824765
3523605905.90591	-32.91969013
3543625825.82583	-31.53272877
3563645745.74575	-31.82107834
3583665665.66567	-32.25830924
3603685585.58559	-32.49939847
3623705505.50551	-33.16936285
3643725425.42543	-32.47146684
3663745345.34535	-31.96749918
3683765265.26526	-33.1677253
3703785185.18518	-32.95029426
3723805105.1051	-32.58663107
3743825025.02502	-33.47056333
3763844944.94494	-33.73727937
3783864864.86486	-32.97626058
3803884784.78478	-32.77547175
3823904704.7047	-32.70110158
3843924624.62462	-32.54139971
3863944544.54454	-33.47433272
3883964464.46446	-33.33450737
3903984384.38438	-33.75438178
3924004304.3043	-33.04986817
3944024224.22422	-33.42111415
3964044144.14414	-33.23922992
3984064064.06406	-33.50241167
4004083983.98398	-33.69945124
4024103903.9039	-33.79735262
4044123823.82382	-33.77581719
4064143743.74374	-33.14523552
4084163663.66366	-33.52801035
4104183583.58358	-33.79778349
4124203503.5035	-33.72368629
4144223423.42342	-34.13407456
4164243343.34334	-34.19446164
4184263263.26326	-33.08252557
4204283183.18318	-34.5671474
4224303103.1031	-34.22689333
4244323023.02302	-34.07112925
4264342942.94294	-33.7878341
4284362862.86286	-33.56783131
4304382782.78278	-34.46166582
4324402702.7027	-34.1466816
4344422622.62262	-34.80494862
4364442542.54254	-34.64433339
4384462462.46246	-34.42723071
4404482382.38238	-34.45673507
4424502302.3023	-33.48492172
4444522222.22222	-34.78679908
4464542142.14214	-35.15772727
4484562062.06206	-34.97103065
4504581981.98198	-33.81509494
4524601901.9019	-34.305203
4544621821.82182	-34.36438344
4564641741.74174	-34.7679876
4584661661.66166	-34.78799722
4604681581.58158	-35.38648868
4624701501.5015	-34.696095
4644721421.42142	-35.95452626
4664741341.34134	-35.42773607
4684761261.26126	-35.71584661
4704781181.18118	-34.5385923
4724801101.1011	-35.46413062
4744821021.02102	-35.23186861
4764840940.94094	-35.89813686
4784860860.86086	-36.24209725
4804880780.78078	-35.84918388
4824900700.7007	-35.38481873
4844920620.62062	-34.768423
4864940540.54054	-35.75942336
4884960460.46046	-35.25393071
4904980380.38038	-36.38096909
4925000300.3003	-35.40235003
4945020220.22022	-35.2494157
4965040140.14014	-36.38047938
4985060060.06006	-35.90779307
5005079979.97998	-36.51618711
5025099899.8999	-36.68485943
5045119819.81982	-35.56687363
5065139739.73974	-36.09057384
5085159659.65966	-35.89090707
5105179579.57958	-36.34306122
5125199499.4995	-35.48282432
5145219419.41942	-35.89262981
5165239339.33934	-36.55540141
5185259259.25926	-36.17345431
5205279179.17918	-37.64451547
5225299099.0991	-35.81432852
5245319019.01902	-36.95876292
5265338938.93894	-36.84535303
5285358858.85886	-37.32040324
5305378778.77878	-36.91168626
5325398698.6987	-37.20158738
5345418618.61862	-37.83496938
5365438538.53854	-37.13128168
5385458458.45846	-37.69833456
5405478378.37838	-37.21914671
5425498298.2983	-36.95789333
5445518218.21822	-38.24192998
5465538138.13814	-37.978236
5485558058.05806	-37.42874156
5505577977.97798	-38.02990305
5525597897.8979	-37.69329418
5545617817.81782	-39.54205456
5565637737.73774	-38.82152241
5585657657.65766	-37.19640821
5605677577.57758	-36.81522968
5625697497.4975	-38.14964593
5645717417.41742	-38.0776139
5665737337.33734	-37.76651387
5685757257.25726	-38.21661128
5705777177.17718	-38.16974476
5725797097.0971	-37.6948536
5745817017.01702	-37.80207312
5765836936.93694	-39.84103398
5785856856.85686	-39.14890386
5805876776.77678	-38.12213613
5825896696.6967	-38.67077979
5845916616.61662	-37.49524425
5865936536.53654	-38.7529061
5885956456.45646	-37.59858452
5905976376.37638	-39.03809068
5925996296.2963	-38.32973912
5946016216.21622	-39.89546895
5966036136.13614	-38.22069441
5986056056.05606	-37.56813987
6006075975.97598	-38.84248471
6026095895.8959	-38.58020068
6046115815.81582	-40.62975172
6066135735.73574	-37.76670492
6086155655.65566	-41.38967693
6106175575.57558	-38.0004131
6126195495.49549	-40.44184933
6146215415.41541	-38.08358655
6166235335.33533	-39.69023372
6186255255.25525	-39.88905484
6206275175.17517	-40.2161274
6226295095.09509	-39.72239462
6246315015.01501	-39.45996974
6266334934.93493	-40.86373748
6286354854.85485	-38.8423718
6306374774.77477	-40.11065869
6326394694.69469	-40.30847216
6346414614.61461	-38.37354236
6366434534.53453	-42.07158662
6386454454.45445	-41.66028015
6406474374.37437	-39.03965888
6426494294.29429	-39.91871693
6446514214.21421	-39.5092299
6466534134.13413	-37.6537455
6486554054.05405	-40.70480837
6506573973.97397	-38.57082746
6526593893.89389	-39.44626456
6546613813.81381	-41.02393966
6566633733.73373	-41.96164855
6586653653.65365	-40.06109433
6606673573.57357	-40.53181186
6626693493.49349	-39.03752593
6646713413.41341	-39.3903046
6666733333.33333	-39.17674004
6686753253.25325	-40.63155731
6706773173.17317	-40.86656107
6726793093.09309	-39.75107854
6746813013.01301	-41.0338445
6766832932.93293	-39.94534566
6786852852.85285	-41.52005324
6806872772.77277	-41.33722436
6826892692.69269	-42.31705979
6846912612.61261	-42.4787321
6866932532.53253	-42.12206806
6886952452.45245	-40.9316273
6906972372.37237	-42.28048828
6926992292.29229	-41.04978418
6947012212.21221	-40.30134078
6967032132.13213	-39.96271405
6987052052.05205	-42.88993818
7007071971.97197	-40.82802833
7027091891.89189	-40.46098835
7047111811.81181	-40.1988172
7067131731.73173	-41.09764614
7087151651.65165	-40.64866005
7107171571.57157	-41.95715582
7127191491.49149	-43.22396346
7147211411.41141	-40.59063239
7167231331.33133	-42.17057332
7187251251.25125	-40.50888723
7207271171.17117	-43.8645401
7227291091.09109	-40.73143688
7247311011.01101	-41.67310753
7267330930.93093	-41.82359094
7287350850.85085	-42.63307588
7307370770.77077	-42.12021278
7327390690.69069	-39.73081712
7347410610.61061	-40.14238879
7367430530.53053	-42.24730008
7387450450.45045	-39.950892
7407470370.37037	-42.93041356
7427490290.29029	-40.21294011
7447510210.21021	-41.90667747
7467530130.13013	-42.01101468
7487550050.05005	-42.62113685
7507569969.96997	-41.95359302
7527589889.88989	-41.20574105
7547609809.80981	-41.60644328
7567629729.72973	-41.5008312
7587649649.64965	-41.17617053
7607669569.56957	-43.37367964
7627689489.48949	-42.5085603
7647709409.40941	-44.94888729
7667729329.32933	-43.28120473
7687749249.24925	-40.615218
7707769169.16917	-42.41089
7727789089.08909	-46.07325097
7747809009.00901	-43.63090023
7767828928.92893	-42.18859
7787848848.84885	-44.12606577
7807868768.76877	-43.58211661
7827888688.68869	-43.65022613
7847908608.60861	-40.95332303
7867928528.52853	-42.61123891
7887948448.44845	-44.74567533
7907968368.36837	-41.44166221
7927988288.28829	-47.0116919
7948008208.20821	-47.48906246
7968028128.12813	-43.1880804
7988048048.04805	-43.91112801
8008067967.96797	-43.70516303
8028087887.88789	-42.44767596
8048107807.80781	-40.22108057
8068127727.72773	-45.70245448
8088147647.64765	-45.63585736
8108167567.56757	-45.1824152
8128187487.48749	-45.80138143
8148207407.40741	-44.92641406
8168227327.32733	-46.37624755
8188247247.24725	-45.93686682
8208267167.16717	-44.42509443
8228287087.08709	-41.91776162
8248307007.00701	-46.50527647
8268326926.92693	-42.33458671
8288346846.84685	-41.2254438
8308366766.76677	-48.91872386
8328386686.68669	-44.77709394
8348406606.60661	-46.51925091
8368426526.52653	-45.27639043
8388446446.44645	-43.80786665
8408466366.36637	-46.58482156
8428486286.28629	-45.94822782
8448506206.20621	-45.04172433
8468526126.12613	-44.89298671
8488546046.04605	-44.26057207
8508565965.96597	-44.98620817
8528585885.88589	-45.9214454
8548605805.80581	-44.24908216
8568625725.72573	-42.62255258
8588645645.64565	-46.69670856
8608665565.56557	-48.93047486
8628685485.48549	-44.32844313
8648705405.40541	-46.10794396
8668725325.32533	-45.68023317
8688745245.24524	-45.47939897
8708765165.16516	-44.53203068
8728785085.08508	-44.97158318
8748805005.005	-46.39929051
8768824924.92492	-46.58589739
8788844844.84484	-46.87606602
8808864764.76476	-44.20310937
8828884684.68468	-46.68554869
8848904604.6046	-45.51931503
8868924524.52452	-50.96171933
8888944444.44444	-46.35269931
8908964364.36436	-44.91907278
8928984284.28428	-46.78941455
8949004204.2042	-47.13927286
8969024124.12412	-42.3664322
8989044044.04404	-47.75187707
9009063963.96396	-43.27977195
9029083883.88388	-47.56085328
9049103803.8038	-43.83140905
9069123723.72372	-47.37929806
9089143643.64364	-45.26286129
9109163563.56356	-44.68092351
9129183483.48348	-44.48920969
9149203403.4034	-44.0603823
9169223323.32332	-46.91876809
9189243243.24324	-45.22790118
9209263163.16316	-48.40383471
9229283083.08308	-43.89933775
9249303003.003	-43.89716831
9269322922.92292	-45.3023014
9289342842.84284	-52.8606672
9309362762.76276	-44.3095474
9329382682.68268	-54.13512865
9349402602.6026	-47.68809411
9369422522.52252	-45.35027183
9389442442.44244	-45.32567684
9409462362.36236	-44.68704353
9429482282.28228	-43.06030662
9449502202.2022	-44.96344849
9469522122.12212	-43.3109335
9489542042.04204	-44.07033587
9509561961.96196	-45.53225645
9529581881.88188	-50.46697397
9549601801.8018	-44.98461597
9569621721.72172	-48.46483669
9589641641.64164	-46.4912499
9609661561.56156	-46.18039877
9629681481.48148	-43.93870839
9649701401.4014	-46.15683322
9669721321.32132	-47.48234404
9689741241.24124	-46.80149494
9709761161.16116	-48.22020616
9729781081.08108	-43.75467899
9749801001.001	-49.29981632
9769820920.92092	-47.25253227
9789840840.84084	-47.16060914
9809860760.76076	-45.97964914
9829880680.68068	-50.90824648
9849900600.6006	-47.52921824
9869920520.52052	-45.82484097
9889940440.44044	-49.40694022
9909960360.36036	-43.0633175
9929980280.28028	-48.65306244
9950000200.2002	-56.23293829
9970020120.12012	-53.26843613
9990040040.04004	-48.59511412
10010059959.96	-49.28784266
10030079879.8799	-45.5593977
10050099799.7998	-55.81585038
10070119719.7197	-65.42623268
10090139639.6396	-48.53540879
10110159559.5596	-48.10278033
10130179479.4795	-52.99553142
10150199399.3994	-48.53640522
10170219319.3193	-49.22876785
10190239239.2392	-52.46007415
10210259159.1592	-50.43087092
10230279079.0791	-47.37848329
10250298998.999	-49.41888309
10270318918.9189	-51.83186919
10290338838.8388	-55.23000687
10310358758.7588	-54.5774617
10330378678.6787	-52.18947258
10350398598.5986	-50.02300084
10370418518.5185	-53.79997457
10390438438.4384	-48.76391919
10410458358.3584	-63.15388072
10430478278.2783	-54.9805967
10450498198.1982	-54.43247305
10470518118.1181	-55.69370377
10490538038.038	-62.8993466
10510557957.958	-54.44059297
10530577877.8779	-56.65667203
10550597797.7978	-58.93328535
10570617717.7177	-53.84374022
10590637637.6376	-57.40163902
10610657557.5576	-52.0632674
10630677477.4775	-67.80375054
10650697397.3974	-51.67137316
10670717317.3173	-73.56369576
10690737237.2372	-67.47768047
10710757157.1572	-59.37474632
10730777077.0771	-65.70003864
10750796996.997	-54.32189724
10770816916.9169	-57.59998432
10790836836.8368	-63.50661252
10810856756.7568	-59.36793573
10830876676.6767	-59.36858107
10850896596.5966	-57.48658147
10870916516.5165	-71.19019883
10890936436.4364	-58.03487148
10910956356.3564	-65.07216701
10930976276.2763	-52.4360203
10950996196.1962	-60.47235359
10971016116.1161	-59.21996092
10991036036.036	-63.51165031
11011055955.956	-63.20450897
11031075875.8759	-61.16191565
11051095795.7958	-55.67171385
11071115715.7157	-57.02677276
11091135635.6356	-52.26694083
11111155555.5556	-64.26740728
11131175475.4755	-58.26498111
11151195395.3954	-64.09098977
11171215315.3153	-66.08865312
11191235235.2352	-52.31556498
11211255155.1552	-62.14357372
11231275075.0751	-66.56644977
11251294994.995	-53.29061802
11271314914.9149	-52.17393772
11291334834.8348	-58.64252651
11311354754.7548	-62.38720965
11331374674.6747	-54.65719782
11351394594.5946	-58.38938933
11371414514.5145	-57.1483896
11391434434.4344	-60.49523094
11411454354.3544	-60.39224293
11431474274.2743	-72.8328134
11451494194.1942	-48.72798036
11471514114.1141	-55.23130939
11491534034.034	-49.65473096
11511553953.954	-57.39958872
11531573873.8739	-58.9920045
11551593793.7938	-65.73745205
11571613713.7137	-66.98764994
11591633633.6336	-53.49062406
11611653553.5536	-56.59546583
11631673473.4735	-50.29995257
11651693393.3934	-56.05057114
11671713313.3133	-55.7653122
11691733233.2332	-51.36083149
11711753153.1532	-61.57709528
11731773073.0731	-54.99471695
11751792992.993	-50.08972429
11771812912.9129	-56.59069383
11791832832.8328	-63.72457162
11811852752.7528	-57.77235475
11831872672.6727	-59.58027274
11851892592.5926	-75.27543413
11871912512.5125	-55.31694301
11891932432.4324	-58.27935593
11911952352.3524	-53.10933649
11931972272.2723	-63.75633855
11951992192.1922	-55.89736759
11972012112.1121	-59.79997516
11992032032.032	-48.40534371
12012051951.952	-64.75659912
12032071871.8719	-57.69368552
12052091791.7918	-62.38722737
12072111711.7117	-69.03713569
12092131631.6316	-56.04091152
12112151551.5516	-48.31662969
12132171471.4715	-72.2009494
12152191391.3914	-61.27653391
12172211311.3113	-59.49980533
12192231231.2312	-53.99387577
12212251151.1512	-51.82006809
12232271071.0711	-69.53365216
12252290990.991	-55.45350398
12272310910.9109	-54.20986372
12292330830.8308	-59.10703392
12312350750.7507	-57.43223182
12332370670.6707	-59.43622229
12352390590.5906	-53.7502923
12372410510.5105	-52.51875285
12392430430.4304	-65.68918783
12412450350.3503	-48.98385624
12432470270.2703	-64.29215396
12452490190.1902	-57.47856648
12472510110.1101	-65.8573496
12492530030.03	-56.13783041
12512549949.9499	-58.56815303
12532569869.8699	-74.4576527
12552589789.7898	-64.85685867
12572609709.7097	-53.8780766
12592629629.6296	-61.29623705
12612649549.5495	-50.92100721
12632669469.4695	-55.98223401
12652689389.3894	-58.58295993
12672709309.3093	-58.97644036
12692729229.2292	-49.98986509
12712749149.1491	-59.50703914
12732769069.0691	-67.38495329
12752788988.989	-66.1721629
12772808908.9089	-68.2312312
12792828828.8288	-59.61091523
12812848748.7487	-53.94642824
12832868668.6687	-51.52451516
12852888588.5886	-60.39611472
12872908508.5085	-48.98154281
12892928428.4284	-57.2220854
12912948348.3483	-63.94256228
12932968268.2683	-50.84761803
12952988188.1882	-57.20350682
12973008108.1081	-52.5629644
12993028028.028	-62.94829989
13013047947.9479	-53.4012336
13033067867.8679	-58.91692204
13053087787.7878	-56.41278946
13073107707.7077	-51.17336851
13093127627.6276	-60.10912733
13113147547.5475	-55.68891218
13133167467.4675	-61.47594462
13153187387.3874	-54.33523446
13173207307.3073	-50.43616463
13193227227.2272	-50.7452486
13213247147.1471	-55.91004313
13233267067.0671	-54.25878434
13253286986.987	-51.03344597
13273306906.9069	-54.49912123
13293326826.8268	-49.66759171
13313346746.7467	-66.69278636
13333366666.6667	-53.91392818
13353386586.5866	-58.41748265
13373406506.5065	-51.214719
13393426426.4264	-54.55294849
13413446346.3463	-66.57307416
13433466266.2663	-52.34234701
13453486186.1862	-56.15019702
13473506106.1061	-57.8867845
13493526026.026	-55.80114657
13513545945.9459	-49.07089125
13533565865.8659	-58.44114689
13553585785.7858	-50.54707972
13573605705.7057	-59.60328395
13593625625.6256	-47.3280632
13613645545.5455	-57.33473382
13633665465.4655	-62.72519588
13653685385.3854	-62.76804723
13673705305.3053	-51.98045027
13693725225.2252	-53.40898786
13713745145.1451	-54.5554008
13733765065.0651	-50.09061901
13753784984.985	-51.28828814
13773804904.9049	-52.76375888
13793824824.8248	-51.84518386
13813844744.7447	-49.93178865
13833864664.6647	-67.89653523
13853884584.5846	-58.20281046
13873904504.5045	-60.77631274
13893924424.4244	-63.99254293
13913944344.3443	-67.64067773
13933964264.2643	-46.9338083
13953984184.1842	-47.70664536
13974004104.1041	-49.40146951
13994024024.024	-55.41088151
14014043943.9439	-56.45984401
14034063863.8639	-56.91946677
14054083783.7838	-64.40163575
14074103703.7037	-47.60602779
14094123623.6236	-57.45981683
14114143543.5435	-54.50266944
14134163463.4635	-47.46057046
14154183383.3834	-48.34903345
14174203303.3033	-66.72761646
14194223223.2232	-62.03126821
14214243143.1431	-48.29227359
14234263063.0631	-54.39008478
14254282982.983	-49.79663431
14274302902.9029	-52.67131352
14294322822.8228	-55.88585724
14314342742.7427	-67.51297133
14334362662.6627	-54.93286727
14354382582.5826	-56.78636345
14374402502.5025	-62.17352841
14394422422.4224	-50.82026284
14414442342.3423	-58.5661047
14434462262.2623	-54.75738902
14454482182.1822	-68.10330839
14474502102.1021	-53.58455617
14494522022.022	-49.91756504
14514541941.9419	-48.33888432
14534561861.8619	-51.20853823
14554581781.7818	-52.74113462
14574601701.7017	-56.95275265
14594621621.6216	-63.44535844
14614641541.5415	-59.9326921
14634661461.4615	-55.73086928
14654681381.3814	-61.33365855
14674701301.3013	-61.681836
14694721221.2212	-51.04717051
14714741141.1411	-52.0326536
14734761061.0611	-56.39096251
14754780980.981	-53.86517172
14774800900.9009	-60.02964087
14794820820.8208	-58.29668213
14814840740.7407	-78.25181411
14834860660.6607	-63.63593542
14854880580.5806	-49.66920291
14874900500.5005	-53.31133828
14894920420.4204	-49.66995345
14914940340.3403	-50.51696111
14934960260.2603	-58.17987442
14954980180.1802	-56.53131721
14975000100.1001	-59.76300686
14995020020.02	-54.63548514
15015039939.9399	-67.4645606
15035059859.8599	-52.57893648
15055079779.7798	-57.01589931
15075099699.6997	-63.61212154
15095119619.6196	-54.05929408
15115139539.5395	-56.68916353
15135159459.4595	-55.32289198
15155179379.3794	-50.74075933
15175199299.2993	-52.09343464
15195219219.2192	-66.66082729
15215239139.1391	-71.66464966
15235259059.0591	-54.49200666
15255278978.979	-70.05927967
15275298898.8989	-56.17531869
15295318818.8188	-55.89080084
15315338738.7387	-60.87657193
15335358658.6587	-73.82015274
15355378578.5786	-60.12389956
15375398498.4985	-55.28259429
15395418418.4184	-54.23565563
15415438338.3383	-64.09596878
15435458258.2583	-63.06791392
15455478178.1782	-54.62879941
15475498098.0981	-59.37448999
15495518018.018	-58.19189729
15515537937.9379	-57.59389206
15535557857.8579	-60.7360108
15555577777.7778	-62.46193371
15575597697.6977	-63.83546061
15595617617.6176	-60.46600222
15615637537.5375	-53.21059611
15635657457.4575	-56.14271451
15655677377.3774	-61.80754136
15675697297.2973	-53.68608402
15695717217.2172	-53.59923054
15715737137.1371	-51.4777128
15735757057.0571	-53.59250377
15755776976.977	-61.33335948
15775796896.8969	-59.97622508
15795816816.8168	-63.13135485
15815836736.7367	-72.37996129
15835856656.6567	-53.20019722
15855876576.5766	-58.95404286
15875896496.4965	-69.46054506
15895916416.4164	-52.92502049
15915936336.3363	-69.9173166
15935956256.2563	-51.57234375
15955976176.1762	-59.31284588
15975996096.0961	-60.74700833
15996016016.016	-59.45106464
16016035935.9359	-73.21298566
16036055855.8559	-53.82279959
16056075775.7758	-59.67910307
16076095695.6957	-52.87296703
16096115615.6156	-62.1309149
16116135535.5355	-52.18158617
16136155455.4555	-55.9508856
16156175375.3754	-62.38378504
16176195295.2953	-57.40028976
16196215215.2152	-53.5772764
16216235135.1351	-56.58588132
16236255055.0551	-58.28003901
16256274974.975	-50.18812391
16276294894.8949	-64.89694648
16296314814.8148	-51.48253939
16316334734.7347	-53.48638484
16336354654.6547	-50.53040309
16356374574.5746	-55.91574963
16376394494.4945	-58.33527451
16396414414.4144	-52.10284744
16416434334.3343	-60.95712504
16436454254.2543	-68.87004049
16456474174.1742	-51.57593605
16476494094.0941	-52.50527552
16496514014.014	-55.64131056
16516533933.9339	-56.4550343
16536553853.8539	-61.50779876
16556573773.7738	-54.8570314
16576593693.6937	-62.41675919
16596613613.6136	-54.66343502
16616633533.5335	-70.37082162
16636653453.4535	-70.29413317
16656673373.3734	-69.75277677
16676693293.2933	-53.56929199
16696713213.2132	-52.28601274
16716733133.1331	-52.68349737
16736753053.0531	-53.90070977
16756772972.973	-58.02951261
16776792892.8929	-51.66995375
16796812812.8128	-54.8842201
16816832732.7327	-53.53318562
16836852652.6527	-53.93938248
16856872572.5726	-58.04243412
16876892492.4925	-48.79799093
16896912412.4124	-55.16770545
16916932332.3323	-60.44843931
16936952252.2523	-61.26733868
16956972172.1722	-52.26355327
16976992092.0921	-57.12287757
16997012012.012	-51.87835246
17017031931.9319	-59.34750023
17037051851.8519	-51.13798321
17057071771.7718	-58.11677791
17077091691.6917	-50.63466626
17097111611.6116	-51.64611032
17117131531.5315	-53.3628657
17137151451.4515	-53.26084354
17157171371.3714	-56.15882219
17177191291.2913	-59.18370894
17197211211.2112	-52.28856938
17217231131.1311	-59.07179186
17237251051.0511	-62.8333772
17257270970.971	-55.97832088
17277290890.8909	-53.98485474
17297310810.8108	-59.72622186
17317330730.7307	-48.67286366
17337350650.6507	-57.41307287
17357370570.5706	-57.03379191
17377390490.4905	-68.18029707
17397410410.4104	-50.14704707
17417430330.3303	-54.43129735
17437450250.2502	-55.20175727
17457470170.1702	-61.90017559
17477490090.0901	-49.44153746
17497510010.01	-59.42699213
17517529929.9299	-55.50138932
17537549849.8498	-52.73886822
17557569769.7698	-54.92798314
17577589689.6897	-44.0190828
17597609609.6096	-59.24704925
17617629529.5295	-57.30544096
17637649449.4494	-57.29070476
17657669369.3694	-50.17904841
17677689289.2893	-60.62336497
17697709209.2092	-57.46386616
17717729129.1291	-53.19312796
17737749049.049	-53.35083716
17757768968.969	-48.67539067
17777788888.8889	-49.06988863
17797808808.8088	-60.24584037
17817828728.7287	-53.45907572
17837848648.6486	-48.37230751
17857868568.5686	-56.71593757
17877888488.4885	-61.25269962
17897908408.4084	-56.95592921
17917928328.3283	-52.19165749
17937948248.2482	-52.49271071
17957968168.1682	-53.1942129
17977988088.0881	-56.0239566
17998008008.008	-52.83467207
18018027927.9279	-51.68795361
18038047847.8478	-53.90573506
18058067767.7678	-70.0692079
18078087687.6877	-53.06642561
18098107607.6076	-61.80168293
18118127527.5275	-54.92549422
18138147447.4474	-57.48312156
18158167367.3674	-63.14195581
18178187287.2873	-51.80693344
18198207207.2072	-65.338179
18218227127.1271	-60.16418951
18238247047.047	-54.86617587
18258266966.967	-54.90058901
18278286886.8869	-53.43464996
18298306806.8068	-54.65037767
18318326726.7267	-55.86605327
18338346646.6466	-57.57666059
18358366566.5666	-57.88858545
18378386486.4865	-63.96909085
18398406406.4064	-53.36774392
18418426326.3263	-51.5937945
18438446246.2462	-54.10561553
18458466166.1662	-51.84069835
18478486086.0861	-59.04594459
18498506006.006	-65.43970698
18518525925.9259	-56.62092243
18538545845.8458	-51.40185577
18558565765.7658	-50.42033324
18578585685.6857	-49.2556298
18598605605.6056	-52.21791056
18618625525.5255	-47.29198329
18638645445.4454	-56.54985321
18658665365.3654	-53.93914894
18678685285.2853	-54.19101831
18698705205.2052	-59.40882379
18718725125.1251	-54.32715418
18738745045.045	-60.35984974
18758764964.965	-58.60777805
18778784884.8849	-51.45952248
18798804804.8048	-58.40540538
18818824724.7247	-51.57618991
18838844644.6446	-50.65931846
18858864564.5646	-52.93291263
18878884484.4845	-48.97537274
18898904404.4044	-63.38731545
18918924324.3243	-53.15164917
18938944244.2442	-47.80773368
18958964164.1642	-51.21488872
18978984084.0841	-50.6353724
18999004004.004	-61.34831631
19019023923.9239	-58.09521898
19039043843.8438	-47.17206604
19059063763.7638	-66.75753667
19079083683.6837	-61.45358603
19099103603.6036	-63.15993783
19119123523.5235	-58.1429487
19139143443.4434	-57.09462749
19159163363.3634	-62.86706704
19179183283.2833	-53.87172894
19199203203.2032	-49.38256603
19219223123.1231	-54.36371421
19239243043.043	-48.38788728
19259262962.963	-56.29322345
19279282882.8829	-54.13018216
19299302802.8028	-54.18732667
19319322722.7227	-62.5921367
19339342642.6426	-57.4417988
19359362562.5626	-52.99348866
19379382482.4825	-53.12154468
19399402402.4024	-50.18765356
19419422322.3223	-52.75416172
19439442242.2422	-47.48425145
19459462162.1622	-51.89547851
19479482082.0821	-66.19127818
19499502002.002	-57.33432898
19519521921.9219	-55.69923054
19539541841.8418	-72.03630488
19559561761.7618	-59.47050105
19579581681.6817	-58.75015292
19599601601.6016	-55.05260333
19619621521.5215	-52.06578763
19639641441.4414	-64.03528369
19659661361.3614	-60.36074571
19679681281.2813	-67.70548238
19699701201.2012	-49.94786132
19719721121.1211	-48.01098094
19739741041.041	-57.57245239
19759760960.961	-50.5927188
19779780880.8809	-48.39460784
19799800800.8008	-65.08875869
19819820720.7207	-55.1095369
19839840640.6406	-56.68070228
19859860560.5606	-50.48257951
19879880480.4805	-65.70670694
19899900400.4004	-57.4668137
19919920320.3203	-55.76013808
19939940240.2402	-54.67634611
19959960160.1602	-52.71933196
19979980080.0801	-52.1697974
20000000000	-48.04042092
