# S12_frequency_set	VNA_S12_trace
# "S12 frequency"	"S12 magnitude"
# 1000
100000	-20.68107167
20119919.9199199	-36.7768775
40139839.8398398	-37.06509687
60159759.7597598	-37.37729468
80179679.6796797	-37.7257041
100199599.5996	-38.00347564
120219519.51952	-38.30720929
140239439.439439	-38.56798061
160259359.359359	-38.82826313
180279279.279279	-39.08366344
200299199.199199	-39.30202374
220319119.119119	-39.52014515
240339039.039039	-39.73528064
260358958.958959	-39.94284845
280378878.878879	-40.13568909
300398798.798799	-40.33311824
320418718.718719	-40.51548821
340438638.638639	-40.66362286
360458558.558559	-40.845016
380478478.478478	-41.00974188
400498398.398398	-41.15275701
420518318.318318	-41.33146881
440538238.238238	-41.48386666
460558158.158158	-41.62934902
480578078.078078	-41.76541932
500597997.997998	-41.91600456
520617917.917918	-42.06323592
540637837.837838	-42.17745694
560657757.757758	-42.29640985
580677677.677678	-42.45318035
600697597.597598	-42.57542334
620717517.517517	-42.68764776
640737437.437437	-42.83203059
660757357.357357	-42.95407154
680777277.277277	-43.0734704
700797197.197197	-43.19568246
720817117.117117	-43.3082168
740837037.037037	-43.45339753
760856956.956957	-43.58988637
780876876.876877	-43.69806672
800896796.796797	-43.82349405
820916716.716717	-43.92094586
840936636.636637	-44.02576259
860956556.556557	-44.15099716
880976476.476476	-44.25351707
900996396.396396	-44.3619983
921016316.316316	-44.49236558
941036236.236236	-44.5646428
961056156.156156	-44.69959787
981076076.076076	-44.78112733
1001095995.996	-44.89663703
1021115915.91592	-45.0084374
1041135835.83584	-45.08675914
1061155755.75576	-45.18069449
1081175675.67568	-45.26415806
1101195595.5956	-45.3907358
1121215515.51552	-45.46061163
1141235435.43544	-45.54329551
1161255355.35536	-45.67216475
1181275275.27528	-45.74758797
1201295195.1952	-45.85618525
1221315115.11512	-45.92065643
1241335035.03503	-46.00990391
1261354954.95495	-46.12302737
1281374874.87487	-46.21094261
1301394794.79479	-46.28663363
1321414714.71471	-46.39124768
1341434634.63463	-46.48282852
1361454554.55455	-46.60416937
1381474474.47447	-46.64891502
1401494394.39439	-46.75241996
1421514314.31431	-46.81602352
1441534234.23423	-46.93278287
1461554154.15415	-46.99651815
1481574074.07407	-47.09424987
1501593993.99399	-47.20287383
1521613913.91391	-47.26206362
1541633833.83383	-47.33990244
1561653753.75375	-47.40425179
1581673673.67367	-47.50395872
1601693593.59359	-47.61305171
1621713513.51351	-47.67791456
1641733433.43343	-47.80962286
1661753353.35335	-47.88296012
1681773273.27327	-47.94444674
1701793193.19319	-48.03217614
1721813113.11311	-48.09890095
1741833033.03303	-48.22085633
1761852952.95295	-48.28583025
1781872872.87287	-48.39396645
1801892792.79279	-48.42630752
1821912712.71271	-48.57463004
1841932632.63263	-48.65440267
1861952552.55255	-48.70005961
1881972472.47247	-48.81810677
1901992392.39239	-48.8604678
1922012312.31231	-48.97862357
1942032232.23223	-49.0667417
1962052152.15215	-49.09861083
1982072072.07207	-49.20776321
2002091991.99199	-49.26530486
2022111911.91191	-49.38517331
2042131831.83183	-49.44724234
2062151751.75175	-49.52832501
2082171671.67167	-49.62859234
2102191591.59159	-49.66178132
2122211511.51151	-49.78329301
2142231431.43143	-49.82601594
2162251351.35135	-49.9239337
2182271271.27127	-50.04461242
2202291191.19119	-50.06813806
2222311111.11111	-50.18499832
2242331031.03103	-50.24957576
2262350950.95095	-50.28896655
2282370870.87087	-50.40781644
2302390790.79079	-50.4384622
2322410710.71071	-50.53684054
2342430630.63063	-50.62350533
2362450550.55055	-50.69045655
2382470470.47047	-50.77215219
2402490390.39039	-50.81817548
2422510310.31031	-50.92011135
2442530230.23023	-50.98545697
2462550150.15015	-51.04718623
2482570070.07007	-51.14059521
2502589989.98999	-51.19477193
2522609909.90991	-51.32619831
2542629829.82983	-51.38050911
2562649749.74975	-51.42288077
2582669669.66967	-51.53899238
2602689589.58959	-51.57540263
2622709509.50951	-51.64277457
2642729429.42943	-51.73465397
2662749349.34935	-51.78141008
2682769269.26927	-51.86295346
2702789189.18919	-51.94774036
2722809109.10911	-52.0104249
2742829029.02903	-52.08360842
2762848948.94895	-52.15369848
2782868868.86887	-52.22997321
2802888788.78879	-52.30183037
2822908708.70871	-52.36230559
2842928628.62863	-52.44827802
2862948548.54855	-52.50997321
2882968468.46847	-52.56509015
2902988388.38839	-52.64097033
2923008308.30831	-52.70415286
2943028228.22823	-52.76390713
2963048148.14815	-52.84804375
2983068068.06807	-52.90185456
3003087987.98799	-52.99604565
3023107907.90791	-53.04359001
3043127827.82783	-53.11333608
3063147747.74775	-53.20494663
3083167667.66767	-53.24012646
3103187587.58759	-53.32640057
3123207507.50751	-53.38211147
3143227427.42743	-53.4352765
3163247347.34735	-53.51473946
3183267267.26727	-53.55904146
3203287187.18719	-53.65032788
3223307107.10711	-53.70182007
3243327027.02703	-53.74725258
3263346946.94695	-53.82311024
3283366866.86687	-53.86827109
3303386786.78679	-53.94051555
3323406706.70671	-54.00376425
3343426626.62663	-54.05091076
3363446546.54655	-54.13014981
3383466466.46647	-54.15164946
3403486386.38639	-54.22287495
3423506306.30631	-54.28188709
3443526226.22623	-54.30573395
3463546146.14615	-54.42856995
3483566066.06607	-54.46975299
3503585985.98599	-54.53590574
3523605905.90591	-54.6130932
3543625825.82583	-54.64652595
3563645745.74575	-54.74159901
3583665665.66567	-54.75229912
3603685585.58559	-54.79583126
3623705505.50551	-54.87768075
3643725425.42543	-54.88226722
3663745345.34535	-54.98437757
3683765265.26526	-55.01702934
3703785185.18518	-55.03629521
3723805105.1051	-55.11753771
3743825025.02502	-55.13498545
3763844944.94494	-55.20499108
3783864864.86486	-55.23693834
3803884784.78478	-55.29804153
3823904704.7047	-55.3833463
3843924624.62462	-55.39476029
3863944544.54454	-55.45568973
3883964464.46446	-55.49375735
3903984384.38438	-55.53794859
3924004304.3043	-55.62282731
3944024224.22422	-55.63763811
3964044144.14414	-55.7188832
3984064064.06406	-55.78206187
4004083983.98398	-55.81368644
4024103903.9039	-55.92857201
4044123823.82382	-55.93037511
4064143743.74374	-56.01259419
4084163663.66366	-56.07043357
4104183583.58358	-56.11278631
4124203503.5035	-56.18409612
4144223423.42342	-56.23875459
4164243343.34334	-56.29152445
4184263263.26326	-56.35403563
4204283183.18318	-56.4193533
4224303103.1031	-56.46626996
4244323023.02302	-56.53768261
4264342942.94294	-56.58401225
4284362862.86286	-56.65025243
4304382782.78278	-56.71216274
4324402702.7027	-56.74780618
4344422622.62262	-56.80105404
4364442542.54254	-56.88192155
4384462462.46246	-56.91343933
4404482382.38238	-56.96939881
4424502302.3023	-57.02897434
4444522222.22222	-57.08424044
4464542142.14214	-57.13069779
4484562062.06206	-57.2180357
4504581981.98198	-57.28851035
4524601901.9019	-57.30646715
4544621821.82182	-57.39708242
4564641741.74174	-57.41486343
4584661661.66166	-57.47759499
4604681581.58158	-57.55512609
4624701501.5015	-57.60619876
4644721421.42142	-57.68938221
4664741341.34134	-57.7421913
4684761261.26126	-57.81116218
4704781181.18118	-57.84752241
4724801101.1011	-57.8956631
4744821021.02102	-57.95137629
4764840940.94094	-58.00913191
4784860860.86086	-58.1203476
4804880780.78078	-58.12828493
4824900700.7007	-58.20214576
4844920620.62062	-58.26852708
4864940540.54054	-58.25084177
4884960460.46046	-58.33288101
4904980380.38038	-58.37707492
4925000300.3003	-58.43765828
4945020220.22022	-58.50189882
4965040140.14014	-58.51868233
4985060060.06006	-58.62544595
5005079979.97998	-58.61321726
5025099899.8999	-58.65945169
5045119819.81982	-58.70986981
5065139739.73974	-58.73400022
5085159659.65966	-58.80469311
5105179579.57958	-58.83488136
5125199499.4995	-58.92395111
5145219419.41942	-58.97110454
5165239339.33934	-59.04304114
5185259259.25926	-59.13027775
5205279179.17918	-59.15611406
5225299099.0991	-59.25613539
5245319019.01902	-59.29680513
5265338938.93894	-59.37221988
5285358858.85886	-59.4717853
5305378778.77878	-59.49534343
5325398698.6987	-59.56653242
5345418618.61862	-59.51773318
5365438538.53854	-59.60621978
5385458458.45846	-59.59480082
5405478378.37838	-59.67462101
5425498298.2983	-59.71812909
5445518218.21822	-59.79856085
5465538138.13814	-59.92566855
5485558058.05806	-59.90135799
5505577977.97798	-60.00919637
5525597897.8979	-60.0211561
5545617817.81782	-60.05375232
5565637737.73774	-60.15509667
5585657657.65766	-60.15327634
5605677577.57758	-60.33017857
5625697497.4975	-60.33236615
5645717417.41742	-60.41640465
5665737337.33734	-60.5215777
5685757257.25726	-60.44478902
5705777177.17718	-60.57187374
5725797097.0971	-60.52509045
5745817017.01702	-60.63999635
5765836936.93694	-60.68147375
5785856856.85686	-60.72154261
5805876776.77678	-60.88713421
5825896696.6967	-60.81998425
5845916616.61662	-60.93106757
5865936536.53654	-60.94830596
5885956456.45646	-60.94626372
5905976376.37638	-61.05915026
5925996296.2963	-61.04041638
5946016216.21622	-61.25464246
5966036136.13614	-61.20773981
5986056056.05606	-61.33708905
6006075975.97598	-61.40904736
6026095895.8959	-61.32666149
6046115815.81582	-61.48957169
6066135735.73574	-61.40806339
6086155655.65566	-61.60535119
6106175575.57558	-61.62523734
6126195495.49549	-61.69038334
6146215415.41541	-61.86118838
6166235335.33533	-61.74369096
6186255255.25525	-61.97168403
6206275175.17517	-61.87327532
6226295095.09509	-61.94209036
6246315015.01501	-62.0194023
6266334934.93493	-61.96886387
6286354854.85485	-62.22688897
6306374774.77477	-62.11414805
6326394694.69469	-62.26003358
6346414614.61461	-62.24668776
6366434534.53453	-62.19343078
6386454454.45445	-62.418373
6406474374.37437	-62.23439266
6426494294.29429	-62.50259394
6446514214.21421	-62.41311803
6466534134.13413	-62.47797401
6486554054.05405	-62.65665526
6506573973.97397	-62.46579532
6526593893.89389	-62.75990677
6546613813.81381	-62.5920508
6566633733.73373	-62.70910536
6586653653.65365	-62.8583288
6606673573.57357	-62.69609285
6626693493.49349	-63.00840685
6646713413.41341	-62.80298932
6666733333.33333	-62.97430189
6686753253.25325	-62.99671567
6706773173.17317	-62.85491558
6726793093.09309	-63.10676863
6746813013.01301	-62.91709365
6766832932.93293	-63.11028449
6786852852.85285	-63.07679276
6806872772.77277	-63.08162447
6826892692.69269	-63.27345573
6846912612.61261	-63.11336713
6866932532.53253	-63.33578294
6886952452.45245	-63.25038406
6906972372.37237	-63.37121991
6926992292.29229	-63.43243308
6947012212.21221	-63.32295586
6967032132.13213	-63.61261712
6987052052.05205	-63.46563834
7007071971.97197	-63.61635701
7027091891.89189	-63.61055776
7047111811.81181	-63.58078245
7067131731.73173	-63.76581996
7087151651.65165	-63.64425783
7107171571.57157	-63.84307789
7127191491.49149	-63.77314027
7147211411.41141	-63.86476458
7167231331.33133	-64.00576407
7187251251.25125	-63.89871524
7207271171.17117	-64.09907553
7227291091.09109	-64.02803174
7247311011.01101	-64.13570457
7267330930.93093	-64.16060943
7287350850.85085	-64.17840129
7307370770.77077	-64.39117945
7327390690.69069	-64.25971555
7347410610.61061	-64.4539551
7367430530.53053	-64.47280917
7387450450.45045	-64.46898351
7407470370.37037	-64.56469107
7427490290.29029	-64.55073041
7447510210.21021	-64.64694173
7467530130.13013	-64.65260014
7487550050.05005	-64.73171779
7507569969.96997	-64.73586739
7527589889.88989	-64.84644392
7547609809.80981	-64.95902785
7567629729.72973	-64.91338981
7587649649.64965	-65.09894096
7607669569.56957	-65.02434432
7627689489.48949	-65.13914594
7647709409.40941	-65.24010347
7667729329.32933	-65.25632503
7687749249.24925	-65.45377893
7707769169.16917	-65.35529354
7727789089.08909	-65.47733861
7747809009.00901	-65.46092366
7767828928.92893	-65.52339758
7787848848.84885	-65.6282718
7807868768.76877	-65.558272
7827888688.68869	-65.74386722
7847908608.60861	-65.62186831
7867928528.52853	-65.82841828
7887948448.44845	-65.82829369
7907968368.36837	-65.77484212
7927988288.28829	-66.05229922
7948008208.20821	-65.9301262
7968028128.12813	-66.12482343
7988048048.04805	-66.14420961
8008067967.96797	-66.10031901
8028087887.88789	-66.27587386
8048107807.80781	-66.16222994
8068127727.72773	-66.36987309
8088147647.64765	-66.28616592
8108167567.56757	-66.37642266
8128187487.48749	-66.50549024
8148207407.40741	-66.45630324
8168227327.32733	-66.70924525
8188247247.24725	-66.58351946
8208267167.16717	-66.75415251
8228287087.08709	-66.78937803
8248307007.00701	-66.82796382
8268326926.92693	-66.95929239
8288346846.84685	-66.91543151
8308366766.76677	-67.15315616
8328386686.68669	-67.1453292
8348406606.60661	-67.21644505
8368426526.52653	-67.32280765
8388446446.44645	-67.30108383
8408466366.36637	-67.49809052
8428486286.28629	-67.4513609
8448506206.20621	-67.60663437
8468526126.12613	-67.64863754
8488546046.04605	-67.70202047
8508565965.96597	-67.91656799
8528585885.88589	-67.86025365
8548605805.80581	-68.05335119
8568625725.72573	-68.06754468
8588645645.64565	-68.17310783
8608665565.56557	-68.30170692
8628685485.48549	-68.27944416
8648705405.40541	-68.49769522
8668725325.32533	-68.53683503
8688745245.24524	-68.56330189
8708765165.16516	-68.68714236
8728785085.08508	-68.70586069
8748805005.005	-68.92991592
8768824924.92492	-68.86830768
8788844844.84484	-69.04959651
8808864764.76476	-69.01755468
8828884684.68468	-69.1758184
8848904604.6046	-69.19981147
8868924524.52452	-69.18926701
8888944444.44444	-69.42079559
8908964364.36436	-69.35675409
8928984284.28428	-69.54829539
8949004204.2042	-69.57435983
8969024124.12412	-69.58198826
8989044044.04404	-69.77024791
9009063963.96396	-69.64129033
9029083883.88388	-69.87243075
9049103803.8038	-69.81343279
9069123723.72372	-69.79355985
9089143643.64364	-69.86986398
9109163563.56356	-69.74028625
9129183483.48348	-69.9127918
9149203403.4034	-69.73318402
9169223323.32332	-69.87760769
9189243243.24324	-69.8935662
9209263163.16316	-69.72377458
9229283083.08308	-69.98160343
9249303003.003	-69.75041757
9269322922.92292	-69.84410432
9289342842.84284	-69.82404599
9309362762.76276	-69.79007185
9329382682.68268	-69.89088723
9349402602.6026	-69.76820692
9369422522.52252	-69.81889461
9389442442.44244	-69.83795548
9409462362.36236	-69.71479925
9429482282.28228	-69.78888046
9449502202.2022	-69.66165093
9469522122.12212	-69.71012771
9489542042.04204	-69.65715566
9509561961.96196	-69.64735955
9529581881.88188	-69.70249685
9549601801.8018	-69.73502039
9569621721.72172	-69.69821916
9589641641.64164	-69.5942946
9609661561.56156	-69.57205522
9629681481.48148	-69.65755845
9649701401.4014	-69.57517007
9669721321.32132	-69.60178377
9689741241.24124	-69.59340218
9709761161.16116	-69.62377423
9729781081.08108	-69.61950536
9749801001.001	-69.53933226
9769820920.92092	-69.60161597
9789840840.84084	-69.6205063
9809860760.76076	-69.64798442
9829880680.68068	-69.57401434
9849900600.6006	-69.6737051
9869920520.52052	-69.59080865
9889940440.44044	-69.61116272
9909960360.36036	-69.62465216
9929980280.28028	-69.56478832
9950000200.2002	-69.64092926
9970020120.12012	-69.6922506
9990040040.04004	-69.67388891
10010059959.96	-69.72792594
10030079879.8799	-69.74182867
10050099799.7998	-69.77007235
10070119719.7197	-69.76370499
10090139639.6396	-69.79909441
10110159559.5596	-69.84509914
10130179479.4795	-69.87572774
10150199399.3994	-69.88213272
10170219319.3193	-70.04743557
10190239239.2392	-70.0013733
10210259159.1592	-70.00334974
10230279079.0791	-70.09580516
10250298998.999	-70.08953892
10270318918.9189	-70.14546777
10290338838.8388	-70.20629662
10310358758.7588	-70.21437852
10330378678.6787	-70.25950151
10350398598.5986	-70.1572527
10370418518.5185	-70.17712032
10390438438.4384	-70.18346665
10410458358.3584	-70.14878418
10430478278.2783	-70.23835865
10450498198.1982	-70.21021882
10470518118.1181	-70.34091719
10490538038.038	-70.37597594
10510557957.958	-70.38852093
10530577877.8779	-70.46209323
10550597797.7978	-70.44958208
10570617717.7177	-70.58977118
10590637637.6376	-70.64569577
10610657557.5576	-70.66446029
10630677477.4775	-70.82141427
10650697397.3974	-70.82729943
10670717317.3173	-70.86821271
10690737237.2372	-70.87950096
10710757157.1572	-70.76646274
10730777077.0771	-70.77830823
10750796996.997	-70.77933177
10770816916.9169	-70.84392081
10790836836.8368	-70.91778072
10810856756.7568	-70.88511116
10830876676.6767	-71.02204453
10850896596.5966	-70.94579515
10870916516.5165	-70.83746332
10890936436.4364	-71.06515842
10910956356.3564	-70.84473946
10930976276.2763	-71.02769477
10950996196.1962	-71.12203133
10971016116.1161	-71.21380101
10991036036.036	-71.43032564
11011055955.956	-71.28859951
11031075875.8759	-71.37771729
11051095795.7958	-71.31203602
11071115715.7157	-71.27126072
11091135635.6356	-71.46738238
11111155555.5556	-71.44563753
11131175475.4755	-71.5146214
11151195395.3954	-71.64222814
11171215315.3153	-71.54582247
11191235235.2352	-71.68281147
11211255155.1552	-71.48451873
11231275075.0751	-71.58736819
11251294994.995	-71.45428681
11271314914.9149	-71.56074545
11291334834.8348	-71.72536763
11311354754.7548	-71.65442806
11331374674.6747	-71.84505976
11351394594.5946	-71.79061776
11371414514.5145	-71.8056794
11391434434.4344	-71.74568558
11411454354.3544	-71.812055
11431474274.2743	-71.81083347
11451494194.1942	-71.93384184
11471514114.1141	-71.98281854
11491534034.034	-71.96774274
11511553953.954	-72.04471452
11531573873.8739	-72.04038221
11551593793.7938	-72.08242447
11571613713.7137	-71.96431727
11591633633.6336	-71.9410994
11611653553.5536	-72.10942427
11631673473.4735	-72.14812801
11651693393.3934	-72.37576267
11671713313.3133	-72.24277564
11691733233.2332	-72.23947087
11711753153.1532	-72.35086592
11731773073.0731	-72.29020137
11751792992.993	-72.32941202
11771812912.9129	-72.28297844
11791832832.8328	-72.42578316
11811852752.7528	-72.53003069
11831872672.6727	-72.5485977
11851892592.5926	-72.66377777
11871912512.5125	-72.47403152
11891932432.4324	-72.5655595
11911952352.3524	-72.54844571
11931972272.2723	-72.53942258
11951992192.1922	-72.77335578
11972012112.1121	-72.63805633
11992032032.032	-72.8955549
12012051951.952	-72.86228894
12032071871.8719	-72.8059601
12052091791.7918	-72.82424758
12072111711.7117	-72.71396358
12092131631.6316	-72.89395637
12112151551.5516	-72.75275542
12132171471.4715	-72.83975923
12152191391.3914	-72.97367216
12172211311.3113	-72.87764425
12192231231.2312	-73.06463454
12212251151.1512	-72.88873691
12232271071.0711	-73.06374614
12252290990.991	-73.02057662
12272310910.9109	-72.94489428
12292330830.8308	-73.2055384
12312350750.7507	-73.29409024
12332370670.6707	-73.36997808
12352390590.5906	-73.33194449
12372410510.5105	-73.34668286
12392430430.4304	-73.38911983
12412450350.3503	-73.16730632
12432470270.2703	-73.23312039
12452490190.1902	-73.23055094
12472510110.1101	-73.4116435
12492530030.03	-73.39490433
12512549949.9499	-73.31175284
12532569869.8699	-73.37789548
12552589789.7898	-73.43933323
12572609709.7097	-73.42711857
12592629629.6296	-73.4569997
12612649549.5495	-73.54013553
12632669469.4695	-73.62011565
12652689389.3894	-73.6514114
12672709309.3093	-73.68508738
12692729229.2292	-73.62430333
12712749149.1491	-73.55871985
12732769069.0691	-73.56694529
12752788988.989	-73.61822282
12772808908.9089	-73.54898773
12792828828.8288	-73.64193614
12812848748.7487	-73.86066115
12832868668.6687	-73.74349071
12852888588.5886	-73.70626106
12872908508.5085	-73.76604095
12892928428.4284	-73.68116922
12912948348.3483	-73.7537255
12932968268.2683	-73.69512052
12952988188.1882	-73.86126248
12973008108.1081	-74.06552455
12993028028.028	-74.08272855
13013047947.9479	-74.20285295
13033067867.8679	-74.02412827
13053087787.7878	-74.05334572
13073107707.7077	-74.06039966
13093127627.6276	-74.09450685
13113147547.5475	-74.11128712
13133167467.4675	-74.18230141
13153187387.3874	-74.20515312
13173207307.3073	-74.3376304
13193227227.2272	-74.35376299
13213247147.1471	-74.17221002
13233267067.0671	-74.39895054
13253286986.987	-74.36308248
13273306906.9069	-74.42099683
13293326826.8268	-74.57058386
13313346746.7467	-74.43861854
13333366666.6667	-74.52800973
13353386586.5866	-74.50467162
13373406506.5065	-74.59918585
13393426426.4264	-74.66879506
13413446346.3463	-74.57407886
13433466266.2663	-74.81028014
13453486186.1862	-74.6554637
13473506106.1061	-74.80677026
13493526026.026	-74.91710915
13513545945.9459	-74.83083018
13533565865.8659	-74.94574475
13553585785.7858	-74.90996737
13573605705.7057	-74.86067239
13593625625.6256	-75.06749049
13613645545.5455	-75.0618567
13633665465.4655	-75.29335825
13653685385.3854	-75.06276685
13673705305.3053	-75.2331666
13693725225.2252	-75.35134667
13713745145.1451	-75.14034819
13733765065.0651	-75.30032163
13753784984.985	-75.33246181
13773804904.9049	-75.30055568
13793824824.8248	-75.20324437
13813844744.7447	-75.41833335
13833864664.6647	-75.49253155
13853884584.5846	-75.25184665
13873904504.5045	-75.48224478
13893924424.4244	-75.47089178
13913944344.3443	-75.4158798
13933964264.2643	-75.4263252
13953984184.1842	-75.55517677
13974004104.1041	-75.63320615
13994024024.024	-75.64841105
14014043943.9439	-75.60670775
14034063863.8639	-75.70519185
14054083783.7838	-75.66239151
14074103703.7037	-75.51964541
14094123623.6236	-75.87993909
14114143543.5435	-75.7216787
14134163463.4635	-75.77146199
14154183383.3834	-75.89554939
14174203303.3033	-75.69202988
14194223223.2232	-75.70066417
14214243143.1431	-75.84344985
14234263063.0631	-75.92871442
14254282982.983	-75.91013033
14274302902.9029	-76.04371044
14294322822.8228	-76.01018292
14314342742.7427	-76.13698675
14334362662.6627	-76.03475142
14354382582.5826	-76.01833365
14374402502.5025	-76.12850947
14394422422.4224	-76.29836539
14414442342.3423	-76.22205289
14434462262.2623	-76.20723927
14454482182.1822	-76.32315763
14474502102.1021	-76.16842428
14494522022.022	-76.20425225
14514541941.9419	-76.37080685
14534561861.8619	-76.46929214
14554581781.7818	-76.40303469
14574601701.7017	-76.30190126
14594621621.6216	-76.37856797
14614641541.5415	-76.41220028
14634661461.4615	-76.56568634
14654681381.3814	-76.44880119
14674701301.3013	-76.6093636
14694721221.2212	-76.37128411
14714741141.1411	-76.54579383
14734761061.0611	-76.58038691
14754780980.981	-76.59283154
14774800900.9009	-76.55742665
14794820820.8208	-76.69669248
14814840740.7407	-76.94473301
14834860660.6607	-76.78427447
14854880580.5806	-76.6969585
14874900500.5005	-76.98520075
14894920420.4204	-77.01276024
14914940340.3403	-76.85325061
14934960260.2603	-76.89123033
14954980180.1802	-76.95086778
14975000100.1001	-77.06457979
14995020020.02	-77.07441927
15015039939.9399	-77.24973417
15035059859.8599	-77.10342301
15055079779.7798	-77.06121714
15075099699.6997	-77.30217565
15095119619.6196	-77.25688774
15115139539.5395	-77.15450505
15135159459.4595	-77.12976539
15155179379.3794	-77.30485678
15175199299.2993	-77.50144664
15195219219.2192	-77.34993454
15215239139.1391	-77.35427547
15235259059.0591	-77.43633358
15255278978.979	-77.62266813
15275298898.8989	-77.52432242
15295318818.8188	-77.52536027
15315338738.7387	-77.8076187
15335358658.6587	-77.66417088
15355378578.5786	-77.72312149
15375398498.4985	-77.97387274
15395418418.4184	-77.77542412
15415438338.3383	-77.74920284
15435458258.2583	-77.74964009
15455478178.1782	-77.69090658
15475498098.0981	-77.92997962
15495518018.018	-77.85571211
15515537937.9379	-77.9390233
15535557857.8579	-78.0226167
15555577777.7778	-78.20407936
15575597697.6977	-78.09152665
15595617617.6176	-78.12310019
15615637537.5375	-78.1445255
15635657457.4575	-78.25856156
15655677377.3774	-78.46950119
15675697297.2973	-78.40166033
15695717217.2172	-78.6661764
15715737137.1371	-78.67649006
15735757057.0571	-78.45504379
15755776976.977	-78.63156415
15775796896.8969	-78.47258544
15795816816.8168	-78.42069061
15815836736.7367	-78.53738373
15835856656.6567	-78.55577769
15855876576.5766	-78.61003816
15875896496.4965	-78.62944125
15895916416.4164	-78.7647566
15915936336.3363	-78.74789058
15935956256.2563	-79.03585452
15955976176.1762	-79.01424394
15975996096.0961	-79.1607606
15996016016.016	-79.25298972
16016035935.9359	-79.34789051
16036055855.8559	-79.23365754
16056075775.7758	-79.81750068
16076095695.6957	-79.46151535
16096115615.6156	-79.62600975
16116135535.5355	-79.32521656
16136155455.4555	-79.65300145
16156175375.3754	-79.4491492
16176195295.2953	-79.36326193
16196215215.2152	-79.4469701
16216235135.1351	-79.36729301
16236255055.0551	-79.36102087
16256274974.975	-79.61992041
16276294894.8949	-79.57494893
16296314814.8148	-79.58465815
16316334734.7347	-79.53721748
16336354654.6547	-79.94794026
16356374574.5746	-80.13202398
16376394494.4945	-79.97464985
16396414414.4144	-80.01033911
16416434334.3343	-80.23573811
16436454254.2543	-80.44548331
16456474174.1742	-79.70644876
16476494094.0941	-80.32454726
16496514014.014	-80.09149158
16516533933.9339	-80.24360625
16536553853.8539	-80.3131779
16556573773.7738	-80.1666481
16576593693.6937	-80.16614623
16596613613.6136	-80.13448976
16616633533.5335	-80.44089282
16636653453.4535	-80.32994524
16656673373.3734	-80.28245729
16676693293.2933	-80.44631871
16696713213.2132	-80.56674729
16716733133.1331	-80.50001652
16736753053.0531	-80.8026078
16756772972.973	-80.64939149
16776792892.8929	-80.84619677
16796812812.8128	-80.42491387
16816832732.7327	-80.49428798
16836852652.6527	-80.62520497
16856872572.5726	-80.61573255
16876892492.4925	-80.63984135
16896912412.4124	-80.8441697
16916932332.3323	-80.52225277
16936952252.2523	-80.73869472
16956972172.1722	-80.73861902
16976992092.0921	-80.81634631
16997012012.012	-80.76196139
17017031931.9319	-81.2142127
17037051851.8519	-81.10794409
17057071771.7718	-81.28565546
17077091691.6917	-81.17022398
17097111611.6116	-81.41961744
17117131531.5315	-81.47647885
17137151451.4515	-81.18562369
17157171371.3714	-81.38213821
17177191291.2913	-81.43990502
17197211211.2112	-81.6416929
17217231131.1311	-81.65189731
17237251051.0511	-81.71465237
17257270970.971	-81.74792345
17277290890.8909	-81.50546928
17297310810.8108	-81.57135298
17317330730.7307	-81.73056461
17337350650.6507	-81.69491477
17357370570.5706	-81.9205784
17377390490.4905	-81.76725356
17397410410.4104	-82.06295056
17417430330.3303	-81.97631245
17437450250.2502	-82.11549776
17457470170.1702	-82.02542491
17477490090.0901	-81.97041862
17497510010.01	-82.30091083
17517529929.9299	-82.27496489
17537549849.8498	-82.18731824
17557569769.7698	-82.15443334
17577589689.6897	-82.26168026
17597609609.6096	-82.05563858
17617629529.5295	-81.78008822
17637649449.4494	-81.96671423
17657669369.3694	-82.69330642
17677689289.2893	-82.20194331
17697709209.2092	-82.17859578
17717729129.1291	-82.30362584
17737749049.049	-82.33678174
17757768968.969	-82.44438052
17777788888.8889	-82.44847423
17797808808.8088	-82.3227618
17817828728.7287	-82.59601522
17837848648.6486	-82.80165063
17857868568.5686	-83.20017189
17877888488.4885	-82.74368466
17897908408.4084	-83.05176696
17917928328.3283	-82.96067718
17937948248.2482	-82.65224698
17957968168.1682	-82.93104208
17977988088.0881	-82.68419868
17998008008.008	-83.16202499
18018027927.9279	-82.56509887
18038047847.8478	-82.35859721
18058067767.7678	-82.72142007
18078087687.6877	-82.44390729
18098107607.6076	-82.69276369
18118127527.5275	-82.74887392
18138147447.4474	-82.47506829
18158167367.3674	-82.98516618
18178187287.2873	-83.01321961
18198207207.2072	-83.0811893
18218227127.1271	-83.38221515
18238247047.047	-83.10816653
18258266966.967	-83.12271995
18278286886.8869	-83.17312779
18298306806.8068	-82.73464773
18318326726.7267	-82.55518755
18338346646.6466	-82.80525708
18358366566.5666	-82.72584547
18378386486.4865	-83.03750823
18398406406.4064	-82.48220079
18418426326.3263	-82.30358362
18438446246.2462	-83.13371455
18458466166.1662	-83.02882803
18478486086.0861	-83.90314703
18498506006.006	-83.40674018
18518525925.9259	-83.32989249
18538545845.8458	-83.72830275
18558565765.7658	-83.52395761
18578585685.6857	-83.07962611
18598605605.6056	-83.61213557
18618625525.5255	-82.54534883
18638645445.4454	-82.72055025
18658665365.3654	-82.99906367
18678685285.2853	-82.95375647
18698705205.2052	-82.88469261
18718725125.1251	-82.69571256
18738745045.045	-82.42017369
18758764964.965	-82.99881722
18778784884.8849	-83.10928035
18798804804.8048	-83.06441134
18818824724.7247	-83.45287307
18838844644.6446	-83.50668119
18858864564.5646	-83.87870734
18878884484.4845	-83.78909857
18898904404.4044	-83.37283666
18918924324.3243	-83.39909182
18938944244.2442	-83.75605033
18958964164.1642	-83.39106793
18978984084.0841	-83.79629694
18999004004.004	-83.8119872
19019023923.9239	-83.38505354
19039043843.8438	-83.41942332
19059063763.7638	-83.19129032
19079083683.6837	-83.66416512
19099103603.6036	-83.31780274
19119123523.5235	-83.52959446
19139143443.4434	-83.54070024
19159163363.3634	-83.89017736
19179183283.2833	-83.74390567
19199203203.2032	-84.01913524
19219223123.1231	-83.93745174
19239243043.043	-83.76568407
19259262962.963	-83.64069496
19279282882.8829	-83.94778485
19299302802.8028	-83.89046329
19319322722.7227	-84.57416888
19339342642.6426	-84.40738946
19359362562.5626	-84.37243196
19379382482.4825	-84.45157222
19399402402.4024	-84.06773264
19419422322.3223	-83.9382411
19439442242.2422	-83.82820665
19459462162.1622	-83.69439509
19479482082.0821	-83.87040248
19499502002.002	-83.72131713
19519521921.9219	-84.64959884
19539541841.8418	-84.39236617
19559561761.7618	-84.54124049
19579581681.6817	-84.68216765
19599601601.6016	-84.66726459
19619621521.5215	-84.82989412
19639641441.4414	-84.72783585
19659661361.3614	-84.64488809
19679681281.2813	-85.11281007
19699701201.2012	-85.8580131
19719721121.1211	-85.49645277
19739741041.041	-84.89149484
19759760960.961	-84.33252932
19779780880.8809	-84.57206486
19799800800.8008	-84.09403649
19819820720.7207	-84.69201447
19839840640.6406	-84.69613831
19859860560.5606	-84.45200758
19879880480.4805	-84.81167859
19899900400.4004	-85.24161866
19919920320.3203	-84.91614179
19939940240.2402	-85.53389216
19959960160.1602	-84.87780503
19979980080.0801	-86.01478043
20000000000	-86.08128132
