# S12_frequency_set	VNA_S12_trace
# "S12 frequency"	"S12 magnitude"
# 1000
100000	-20.19044386
20119919.9199199	-51.5675922
40139839.8398398	-51.78909597
60159759.7597598	-52.2754289
80179679.6796797	-52.61811945
100199599.5996	-52.96668577
120219519.51952	-53.3378267
140239439.439439	-53.63303784
160259359.359359	-53.93047898
180279279.279279	-54.16626081
200299199.199199	-54.38920976
220319119.119119	-54.59222087
240339039.039039	-54.82457845
260358958.958959	-55.02837354
280378878.878879	-55.2497859
300398798.798799	-55.45982474
320418718.718719	-55.65578822
340438638.638639	-55.84106154
360458558.558559	-56.01293209
380478478.478478	-56.17451981
400498398.398398	-56.35207558
420518318.318318	-56.5273898
440538238.238238	-56.6860637
460558158.158158	-56.841084
480578078.078078	-56.95953873
500597997.997998	-57.1330929
520617917.917918	-57.24865537
540637837.837838	-57.41796874
560657757.757758	-57.57770033
580677677.677678	-57.7370584
600697597.597598	-57.8660295
620717517.517517	-58.00582827
640737437.437437	-58.15991533
660757357.357357	-58.30514928
680777277.277277	-58.42153241
700797197.197197	-58.55571905
720817117.117117	-58.67935103
740837037.037037	-58.81600739
760856956.956957	-58.90804654
780876876.876877	-59.08328361
800896796.796797	-59.1813702
820916716.716717	-59.31758244
840936636.636637	-59.44418225
860956556.556557	-59.54508747
880976476.476476	-59.66181722
900996396.396396	-59.73825386
921016316.316316	-59.89407129
941036236.236236	-60.00404647
961056156.156156	-60.0893344
981076076.076076	-60.26037443
1001095995.996	-60.33209882
1021115915.91592	-60.49944797
1041135835.83584	-60.58570708
1061155755.75576	-60.72258664
1081175675.67568	-60.83232359
1101195595.5956	-60.89303672
1121215515.51552	-61.03395986
1141235435.43544	-61.07839474
1161255355.35536	-61.14194914
1181275275.27528	-61.25266344
1201295195.1952	-61.33102078
1221315115.11512	-61.46691895
1241335035.03503	-61.57881384
1261354954.95495	-61.65324765
1281374874.87487	-61.7734757
1301394794.79479	-61.85555917
1321414714.71471	-61.95135604
1341434634.63463	-62.04236657
1361454554.55455	-62.16987331
1381474474.47447	-62.25986514
1401494394.39439	-62.34465646
1421514314.31431	-62.44050755
1441534234.23423	-62.53049114
1461554154.15415	-62.6185258
1481574074.07407	-62.72533621
1501593993.99399	-62.81915629
1521613913.91391	-62.89530854
1541633833.83383	-62.94036859
1561653753.75375	-63.02348395
1581673673.67367	-63.08439373
1601693593.59359	-63.21743623
1621713513.51351	-63.31755009
1641733433.43343	-63.42638561
1661753353.35335	-63.51289465
1681773273.27327	-63.55396387
1701793193.19319	-63.61642664
1721813113.11311	-63.73430053
1741833033.03303	-63.86422326
1761852952.95295	-63.91732257
1781872872.87287	-64.00766973
1801892792.79279	-64.11814119
1821912712.71271	-64.22860562
1841932632.63263	-64.32635504
1861952552.55255	-64.36498817
1881972472.47247	-64.45963433
1901992392.39239	-64.56796322
1922012312.31231	-64.64460028
1942032232.23223	-64.70933043
1962052152.15215	-64.78995268
1982072072.07207	-64.9449164
2002091991.99199	-65.05369805
2022111911.91191	-65.13762466
2042131831.83183	-65.18401654
2062151751.75175	-65.25153485
2082171671.67167	-65.38605936
2102191591.59159	-65.45031822
2122211511.51151	-65.54888229
2142231431.43143	-65.56557543
2162251351.35135	-65.70133698
2182271271.27127	-65.77690501
2202291191.19119	-65.87999552
2222311111.11111	-65.95906641
2242331031.03103	-65.9242724
2262350950.95095	-66.14342449
2282370870.87087	-66.17488471
2302390790.79079	-66.22424557
2322410710.71071	-66.28673172
2342430630.63063	-66.37209175
2362450550.55055	-66.50241371
2382470470.47047	-66.53053547
2402490390.39039	-66.63740824
2422510310.31031	-66.73243849
2442530230.23023	-66.85311075
2462550150.15015	-66.91711394
2482570070.07007	-66.9282528
2502589989.98999	-67.02588989
2522609909.90991	-67.10145854
2542629829.82983	-67.18918432
2562649749.74975	-67.2450149
2582669669.66967	-67.37128364
2602689589.58959	-67.44404231
2622709509.50951	-67.55260295
2642729429.42943	-67.58634319
2662749349.34935	-67.69397667
2682769269.26927	-67.69678103
2702789189.18919	-67.8544032
2722809109.10911	-67.90465883
2742829029.02903	-67.94480524
2762848948.94895	-67.98678677
2782868868.86887	-68.11633303
2802888788.78879	-68.20019128
2822908708.70871	-68.25444482
2842928628.62863	-68.31172038
2862948548.54855	-68.37946173
2882968468.46847	-68.45955706
2902988388.38839	-68.52153737
2923008308.30831	-68.64985462
2943028228.22823	-68.69841645
2963048148.14815	-68.75093917
2983068068.06807	-68.83564167
3003087987.98799	-68.92200957
3023107907.90791	-69.04773516
3043127827.82783	-69.11912712
3063147747.74775	-69.15823493
3083167667.66767	-69.19436621
3103187587.58759	-69.23111244
3123207507.50751	-69.40224852
3143227427.42743	-69.38711441
3163247347.34735	-69.46603567
3183267267.26727	-69.5099739
3203287187.18719	-69.54743329
3223307107.10711	-69.64175515
3243327027.02703	-69.7456418
3263346946.94695	-69.76108235
3283366866.86687	-69.83830846
3303386786.78679	-69.91030303
3323406706.70671	-70.03334787
3343426626.62663	-70.06670981
3363446546.54655	-70.18148223
3383466466.46647	-70.19749783
3403486386.38639	-70.2236783
3423506306.30631	-70.33884196
3443526226.22623	-70.41144542
3463546146.14615	-70.45302358
3483566066.06607	-70.49652935
3503585985.98599	-70.57244782
3523605905.90591	-70.6113993
3543625825.82583	-70.60100068
3563645745.74575	-70.75616416
3583665665.66567	-70.77635649
3603685585.58559	-70.81191869
3623705505.50551	-70.9063948
3643725425.42543	-70.93743412
3663745345.34535	-70.9571403
3683765265.26526	-71.03548545
3703785185.18518	-71.07230565
3723805105.1051	-71.16039228
3743825025.02502	-71.25022178
3763844944.94494	-71.27000449
3783864864.86486	-71.27147607
3803884784.78478	-71.40942844
3823904704.7047	-71.43075744
3843924624.62462	-71.50756509
3863944544.54454	-71.60381102
3883964464.46446	-71.49941324
3903984384.38438	-71.63874776
3924004304.3043	-71.65794326
3944024224.22422	-71.73392815
3964044144.14414	-71.70958442
3984064064.06406	-71.81316785
4004083983.98398	-71.86162852
4024103903.9039	-71.87017753
4044123823.82382	-72.01319831
4064143743.74374	-72.09242622
4084163663.66366	-72.1986772
4104183583.58358	-72.15288097
4124203503.5035	-72.32166971
4144223423.42342	-72.30098809
4164243343.34334	-72.3572763
4184263263.26326	-72.37499703
4204283183.18318	-72.44725988
4224303103.1031	-72.52197526
4244323023.02302	-72.52386553
4264342942.94294	-72.60912329
4284362862.86286	-72.61521298
4304382782.78278	-72.65161548
4324402702.7027	-72.79661681
4344422622.62262	-72.86064637
4364442542.54254	-72.92046194
4384462462.46246	-72.99645079
4404482382.38238	-72.96495825
4424502302.3023	-73.04684377
4444522222.22222	-73.13279276
4464542142.14214	-73.21438337
4484562062.06206	-73.24521417
4504581981.98198	-73.27517212
4524601901.9019	-73.30514001
4544621821.82182	-73.40599527
4564641741.74174	-73.47407853
4584661661.66166	-73.60163576
4604681581.58158	-73.57465667
4624701501.5015	-73.63858939
4644721421.42142	-73.68990034
4664741341.34134	-73.74391892
4684761261.26126	-73.77851078
4704781181.18118	-73.88307705
4724801101.1011	-73.87814305
4744821021.02102	-73.99394384
4764840940.94094	-74.03570017
4784860860.86086	-74.08284833
4804880780.78078	-74.15418022
4824900700.7007	-74.14040354
4844920620.62062	-74.21571752
4864940540.54054	-74.38033702
4884960460.46046	-74.44679094
4904980380.38038	-74.41683244
4925000300.3003	-74.54246984
4945020220.22022	-74.53870988
4965040140.14014	-74.63256964
4985060060.06006	-74.67602943
5005079979.97998	-74.70727983
5025099899.8999	-74.73618902
5045119819.81982	-74.815703
5065139739.73974	-74.84898922
5085159659.65966	-74.90286373
5105179579.57958	-74.94370629
5125199499.4995	-74.94387142
5145219419.41942	-75.00018118
5165239339.33934	-75.19374304
5185259259.25926	-75.25136268
5205279179.17918	-75.19309528
5225299099.0991	-75.40070944
5245319019.01902	-75.3711634
5265338938.93894	-75.36302508
5285358858.85886	-75.52089102
5305378778.77878	-75.52837564
5325398698.6987	-75.60052741
5345418618.61862	-75.70209588
5365438538.53854	-75.67094845
5385458458.45846	-75.75452934
5405478378.37838	-75.97067447
5425498298.2983	-75.92818222
5445518218.21822	-75.94032106
5465538138.13814	-76.05495344
5485558058.05806	-76.04228777
5505577977.97798	-76.19631869
5525597897.8979	-76.24716377
5545617817.81782	-76.3282062
5565637737.73774	-76.4633968
5585657657.65766	-76.3466486
5605677577.57758	-76.48922841
5625697497.4975	-76.55261878
5645717417.41742	-76.65247217
5665737337.33734	-76.85085315
5685757257.25726	-76.82279082
5705777177.17718	-76.9449427
5725797097.0971	-76.93171728
5745817017.01702	-76.921509
5765836936.93694	-76.89500155
5785856856.85686	-77.0427341
5805876776.77678	-77.20543131
5825896696.6967	-77.1404806
5845916616.61662	-77.23333525
5865936536.53654	-77.15012152
5885956456.45646	-77.18713114
5905976376.37638	-77.25020342
5925996296.2963	-77.21184388
5946016216.21622	-77.35737136
5966036136.13614	-77.37345381
5986056056.05606	-77.56762429
6006075975.97598	-77.56266113
6026095895.8959	-77.62599386
6046115815.81582	-77.77535857
6066135735.73574	-77.65498415
6086155655.65566	-77.84998308
6106175575.57558	-77.86360755
6126195495.49549	-77.97487503
6146215415.41541	-78.13004936
6166235335.33533	-77.98054488
6186255255.25525	-78.12179901
6206275175.17517	-77.87483933
6226295095.09509	-78.14871185
6246315015.01501	-78.22091167
6266334934.93493	-78.10043907
6286354854.85485	-78.18551306
6306374774.77477	-78.1153334
6326394694.69469	-78.274376
6346414614.61461	-78.39551808
6366434534.53453	-78.26267453
6386454454.45445	-78.62319816
6406474374.37437	-78.60454461
6426494294.29429	-78.88342804
6446514214.21421	-78.68707039
6466534134.13413	-78.5162881
6486554054.05405	-78.68377951
6506573973.97397	-78.73430104
6526593893.89389	-78.76610541
6546613813.81381	-78.79037166
6566633733.73373	-78.57214717
6586653653.65365	-78.83113368
6606673573.57357	-78.81749131
6626693493.49349	-78.84389922
6646713413.41341	-78.73974993
6666733333.33333	-79.03457665
6686753253.25325	-78.90787817
6706773173.17317	-78.98779251
6726793093.09309	-79.0236262
6746813013.01301	-79.16460027
6766832932.93293	-79.31262399
6786852852.85285	-79.31521539
6806872772.77277	-79.24422213
6826892692.69269	-79.16276474
6846912612.61261	-79.29455675
6866932532.53253	-79.59237563
6886952452.45245	-79.45495485
6906972372.37237	-79.5433042
6926992292.29229	-79.69627409
6947012212.21221	-79.43746948
6967032132.13213	-79.79156706
6987052052.05205	-79.62276444
7007071971.97197	-79.79283829
7027091891.89189	-79.97694673
7047111811.81181	-79.92088293
7067131731.73173	-79.8465613
7087151651.65165	-79.92049808
7107171571.57157	-79.92262769
7127191491.49149	-80.12813101
7147211411.41141	-79.98433459
7167231331.33133	-80.02716454
7187251251.25125	-80.17445791
7207271171.17117	-80.13292175
7227291091.09109	-80.23218785
7247311011.01101	-80.13706168
7267330930.93093	-80.56717158
7287350850.85085	-80.1171307
7307370770.77077	-80.30247163
7327390690.69069	-80.49115468
7347410610.61061	-80.50933479
7367430530.53053	-80.50040807
7387450450.45045	-80.37065668
7407470370.37037	-80.62063526
7427490290.29029	-80.67184151
7447510210.21021	-80.79750582
7467530130.13013	-80.6910312
7487550050.05005	-80.63682348
7507569969.96997	-80.79721837
7527589889.88989	-80.89268581
7547609809.80981	-81.10455313
7567629729.72973	-80.78225612
7587649649.64965	-80.93717679
7607669569.56957	-81.05426938
7627689489.48949	-80.99668285
7647709409.40941	-81.10104015
7667729329.32933	-81.09243169
7687749249.24925	-81.27741777
7707769169.16917	-81.34253317
7727789089.08909	-81.20623251
7747809009.00901	-81.1746551
7767828928.92893	-81.35420654
7787848848.84885	-81.41956612
7807868768.76877	-81.27612818
7827888688.68869	-81.48235083
7847908608.60861	-81.52613673
7867928528.52853	-81.37602389
7887948448.44845	-81.70658895
7907968368.36837	-81.59032431
7927988288.28829	-81.77978292
7948008208.20821	-81.79837635
7968028128.12813	-81.95267639
7988048048.04805	-82.00899528
8008067967.96797	-81.74522149
8028087887.88789	-81.76870303
8048107807.80781	-81.81694164
8068127727.72773	-81.97208982
8088147647.64765	-82.05114647
8108167567.56757	-81.77577875
8128187487.48749	-82.10747195
8148207407.40741	-81.76141684
8168227327.32733	-82.19317548
8188247247.24725	-81.70761035
8208267167.16717	-82.13949403
8228287087.08709	-82.4908382
8248307007.00701	-82.41959017
8268326926.92693	-82.1073577
8288346846.84685	-82.42694596
8308366766.76677	-82.41168317
8328386686.68669	-82.45322399
8348406606.60661	-82.45892372
8368426526.52653	-82.73525403
8388446446.44645	-82.60374387
8408466366.36637	-82.65070894
8428486286.28629	-82.9694478
8448506206.20621	-82.54271829
8468526126.12613	-82.5482936
8488546046.04605	-82.91817304
8508565965.96597	-82.79246754
8528585885.88589	-82.93984369
8548605805.80581	-82.96122909
8568625725.72573	-83.34040506
8588645645.64565	-83.02523972
8608665565.56557	-82.9778821
8628685485.48549	-83.04061097
8648705405.40541	-83.04012027
8668725325.32533	-83.33843785
8688745245.24524	-83.25965444
8708765165.16516	-83.3360491
8728785085.08508	-83.64349565
8748805005.005	-83.64591733
8768824924.92492	-83.56783801
8788844844.84484	-83.51645888
8808864764.76476	-83.4001402
8828884684.68468	-83.60212439
8848904604.6046	-83.84159524
8868924524.52452	-83.29169375
8888944444.44444	-83.67903666
8908964364.36436	-83.58023089
8928984284.28428	-83.87574613
8949004204.2042	-83.67684053
8969024124.12412	-83.82741117
8989044044.04404	-83.82932765
9009063963.96396	-83.81796007
9029083883.88388	-83.70906949
9049103803.8038	-83.70503584
9069123723.72372	-84.12461135
9089143643.64364	-83.90773667
9109163563.56356	-84.01019334
9129183483.48348	-84.36284577
9149203403.4034	-84.23285277
9169223323.32332	-83.83112571
9189243243.24324	-84.44773919
9209263163.16316	-84.00459461
9229283083.08308	-84.24437099
9249303003.003	-84.14504981
9269322922.92292	-84.23382818
9289342842.84284	-84.33486683
9309362762.76276	-84.55888472
9329382682.68268	-84.22055062
9349402602.6026	-84.5810521
9369422522.52252	-84.67533817
9389442442.44244	-84.82144567
9409462362.36236	-84.9279735
9429482282.28228	-84.4518373
9449502202.2022	-84.61950383
9469522122.12212	-84.95204201
9489542042.04204	-84.83201022
9509561961.96196	-84.99026898
9529581881.88188	-84.92969733
9549601801.8018	-85.16297572
9569621721.72172	-84.71897157
9589641641.64164	-84.85888297
9609661561.56156	-85.11814926
9629681481.48148	-84.74511112
9649701401.4014	-85.02712211
9669721321.32132	-85.27908805
9689741241.24124	-85.02145822
9709761161.16116	-85.35299629
9729781081.08108	-85.26718065
9749801001.001	-85.23677529
9769820920.92092	-85.84967219
9789840840.84084	-85.61524353
9809860760.76076	-85.48802411
9829880680.68068	-85.84291064
9849900600.6006	-85.94591946
9869920520.52052	-86.12255612
9889940440.44044	-85.97219294
9909960360.36036	-86.23094138
9929980280.28028	-86.12954003
9950000200.2002	-86.30802799
9970020120.12012	-86.99561224
9990040040.04004	-86.6701646
10010059959.96	-87.0800628
10030079879.8799	-86.77257403
10050099799.7998	-87.023635
10070119719.7197	-87.16477556
10090139639.6396	-87.54879497
10110159559.5596	-88.09606627
10130179479.4795	-88.07849753
10150199399.3994	-88.24513114
10170219319.3193	-89.32735875
10190239239.2392	-88.94261265
10210259159.1592	-89.52793977
10230279079.0791	-89.44660649
10250298998.999	-89.69609861
10270318918.9189	-90.62999639
10290338838.8388	-90.81018584
10310358758.7588	-91.029899
10330378678.6787	-92.15587021
10350398598.5986	-91.92865178
10370418518.5185	-93.26172237
10390438438.4384	-92.52217869
10410458358.3584	-93.00454707
10430478278.2783	-93.57910991
10450498198.1982	-94.89874307
10470518118.1181	-94.705814
10490538038.038	-94.47680633
10510557957.958	-95.16655153
10530577877.8779	-95.9150201
10550597797.7978	-96.48174701
10570617717.7177	-97.0335694
10590637637.6376	-98.1935344
10610657557.5576	-99.03135354
10630677477.4775	-98.13943232
10650697397.3974	-98.6670717
10670717317.3173	-99.35381314
10690737237.2372	-98.98227861
10710757157.1572	-100.1777714
10730777077.0771	-102.491263
10750796996.997	-103.1138824
10770816916.9169	-102.6325644
10790836836.8368	-102.8469001
10810856756.7568	-101.4116801
10830876676.6767	-104.2934969
10850896596.5966	-103.826436
10870916516.5165	-104.9126029
10890936436.4364	-102.5692475
10910956356.3564	-109.9461926
10930976276.2763	-106.7660391
10950996196.1962	-107.7572785
10971016116.1161	-110.3005237
10991036036.036	-112.6159416
11011055955.956	-112.1479453
11031075875.8759	-111.4785038
11051095795.7958	-109.712486
11071115715.7157	-114.9885647
11091135635.6356	-109.7919646
11111155555.5556	-109.4636651
11131175475.4755	-109.370093
11151195395.3954	-117.4410967
11171215315.3153	-110.6475962
11191235235.2352	-115.122555
11211255155.1552	-107.4982135
11231275075.0751	-113.0250148
11251294994.995	-119.2834191
11271314914.9149	-111.248855
11291334834.8348	-111.2140587
11311354754.7548	-127.5266624
11331374674.6747	-111.5852806
11351394594.5946	-111.0837577
11371414514.5145	-112.9847683
11391434434.4344	-112.3522666
11411454354.3544	-126.2565786
11431474274.2743	-114.0329934
11451494194.1942	-110.4727978
11471514114.1141	-110.0728446
11491534034.034	-108.3972552
11511553953.954	-113.3460804
11531573873.8739	-113.5386839
11551593793.7938	-118.0682824
11571613713.7137	-116.3030237
11591633633.6336	-110.2926019
11611653553.5536	-115.999045
11631673473.4735	-110.2993863
11651693393.3934	-111.8438659
11671713313.3133	-109.6797547
11691733233.2332	-113.1784872
11711753153.1532	-125.6537908
11731773073.0731	-116.014883
11751792992.993	-118.1617724
11771812912.9129	-118.5409178
11791832832.8328	-122.8588814
11811852752.7528	-112.0913023
11831872672.6727	-121.1296003
11851892592.5926	-114.4473134
11871912512.5125	-113.3245098
11891932432.4324	-111.5049545
11911952352.3524	-111.4816382
11931972272.2723	-122.0341714
11951992192.1922	-117.8376349
11972012112.1121	-111.0479214
11992032032.032	-132.9687675
12012051951.952	-111.9025428
12032071871.8719	-115.4679472
12052091791.7918	-108.5054081
12072111711.7117	-121.2416743
12092131631.6316	-118.0845652
12112151551.5516	-116.4258292
12132171471.4715	-114.0337527
12152191391.3914	-115.3127105
12172211311.3113	-113.6497104
12192231231.2312	-111.4080284
12212251151.1512	-122.6446673
12232271071.0711	-130.1765315
12252290990.991	-111.6361665
12272310910.9109	-114.2333278
12292330830.8308	-122.5123143
12312350750.7507	-121.7159367
12332370670.6707	-114.1593215
12352390590.5906	-120.2164772
12372410510.5105	-112.641704
12392430430.4304	-113.2809601
12412450350.3503	-123.4183447
12432470270.2703	-120.9655611
12452490190.1902	-120.0110439
12472510110.1101	-111.6902833
12492530030.03	-113.2339334
12512549949.9499	-118.4354406
12532569869.8699	-119.3748092
12552589789.7898	-110.8135153
12572609709.7097	-113.7017441
12592629629.6296	-112.6270666
12612649549.5495	-118.839642
12632669469.4695	-118.0048197
12652689389.3894	-116.0605068
12672709309.3093	-116.9484224
12692729229.2292	-116.2259909
12712749149.1491	-121.5493924
12732769069.0691	-119.8206341
12752788988.989	-110.9936252
12772808908.9089	-108.5409808
12792828828.8288	-122.123557
12812848748.7487	-114.79347
12832868668.6687	-113.2187699
12852888588.5886	-113.8507815
12872908508.5085	-112.2964334
12892928428.4284	-111.7982268
12912948348.3483	-109.7716207
12932968268.2683	-117.2470843
12952988188.1882	-117.0472087
12973008108.1081	-121.9172926
12993028028.028	-123.9491472
13013047947.9479	-109.9346941
13033067867.8679	-113.3473431
13053087787.7878	-114.0237538
13073107707.7077	-110.9593155
13093127627.6276	-119.9102563
13113147547.5475	-116.2534277
13133167467.4675	-114.535262
13153187387.3874	-105.4710456
13173207307.3073	-118.1205728
13193227227.2272	-120.6463132
13213247147.1471	-117.0114391
13233267067.0671	-118.1642037
13253286986.987	-111.8270567
13273306906.9069	-108.9178957
13293326826.8268	-109.3450727
13313346746.7467	-114.4187838
13333366666.6667	-115.1330634
13353386586.5866	-113.3466932
13373406506.5065	-125.6526616
13393426426.4264	-127.5040286
13413446346.3463	-114.4756993
13433466266.2663	-114.5351236
13453486186.1862	-118.5772492
13473506106.1061	-111.5145886
13493526026.026	-112.6512021
13513545945.9459	-113.9294602
13533565865.8659	-104.7934145
13553585785.7858	-131.1862767
13573605705.7057	-116.1598129
13593625625.6256	-118.1540474
13613645545.5455	-108.5480671
13633665465.4655	-107.3620487
13653685385.3854	-111.9077695
13673705305.3053	-112.9948346
13693725225.2252	-112.4338496
13713745145.1451	-112.5897488
13733765065.0651	-119.1570301
13753784984.985	-108.7568921
13773804904.9049	-114.482498
13793824824.8248	-121.5269113
13813844744.7447	-109.3321085
13833864664.6647	-113.095508
13853884584.5846	-109.8370371
13873904504.5045	-111.0058188
13893924424.4244	-110.6737702
13913944344.3443	-123.9830172
13933964264.2643	-112.0859281
13953984184.1842	-121.6482658
13974004104.1041	-110.8117731
13994024024.024	-108.2738034
14014043943.9439	-111.9975458
14034063863.8639	-109.8455455
14054083783.7838	-107.0267146
14074103703.7037	-116.9910711
14094123623.6236	-116.1506221
14114143543.5435	-108.403582
14134163463.4635	-110.1295402
14154183383.3834	-116.7077228
14174203303.3033	-117.9801203
14194223223.2232	-115.6673387
14214243143.1431	-107.1999836
14234263063.0631	-115.1416517
14254282982.983	-115.3910168
14274302902.9029	-111.7686663
14294322822.8228	-111.5767145
14314342742.7427	-112.6503374
14334362662.6627	-106.1814078
14354382582.5826	-115.9513409
14374402502.5025	-120.8235586
14394422422.4224	-113.354377
14414442342.3423	-118.0828746
14434462262.2623	-112.8655774
14454482182.1822	-126.6052802
14474502102.1021	-111.5122103
14494522022.022	-118.0286033
14514541941.9419	-129.1694339
14534561861.8619	-120.4755722
14554581781.7818	-117.0891349
14574601701.7017	-115.3103555
14594621621.6216	-113.6562996
14614641541.5415	-109.052246
14634661461.4615	-116.7149281
14654681381.3814	-111.085803
14674701301.3013	-116.3945177
14694721221.2212	-127.3689212
14714741141.1411	-111.1035826
14734761061.0611	-128.2639541
14754780980.981	-118.5977389
14774800900.9009	-108.3274409
14794820820.8208	-108.1652486
14814840740.7407	-113.0097629
14834860660.6607	-114.2878953
14854880580.5806	-117.0168779
14874900500.5005	-111.0646446
14894920420.4204	-121.8217974
14914940340.3403	-132.4514009
14934960260.2603	-116.4586359
14954980180.1802	-111.1510246
14975000100.1001	-119.5863642
14995020020.02	-117.8069704
15015039939.9399	-119.826254
15035059859.8599	-115.2131167
15055079779.7798	-115.8080598
15075099699.6997	-127.1935508
15095119619.6196	-118.3210882
15115139539.5395	-121.9026597
15135159459.4595	-120.575144
15155179379.3794	-117.5440372
15175199299.2993	-120.6196735
15195219219.2192	-120.7985729
15215239139.1391	-113.0891629
15235259059.0591	-112.6216774
15255278978.979	-110.5999611
15275298898.8989	-114.2665155
15295318818.8188	-139.7508462
15315338738.7387	-116.5154511
15335358658.6587	-127.512459
15355378578.5786	-130.9751283
15375398498.4985	-122.0952655
15395418418.4184	-118.6269327
15415438338.3383	-111.7009549
15435458258.2583	-118.0015878
15455478178.1782	-114.0463733
15475498098.0981	-113.9581916
15495518018.018	-113.2860951
15515537937.9379	-119.6544081
15535557857.8579	-117.4185594
15555577777.7778	-114.5473092
15575597697.6977	-110.1263336
15595617617.6176	-112.8422756
15615637537.5375	-114.5147861
15635657457.4575	-114.0135006
15655677377.3774	-120.336864
15675697297.2973	-113.5296302
15695717217.2172	-113.2691296
15715737137.1371	-109.7248171
15735757057.0571	-119.8663373
15755776976.977	-113.3919621
15775796896.8969	-119.0460622
15795816816.8168	-119.0865097
15815836736.7367	-115.7545566
15835856656.6567	-114.8450917
15855876576.5766	-121.8037219
15875896496.4965	-121.6509695
15895916416.4164	-117.8344132
15915936336.3363	-125.5460645
15935956256.2563	-115.4569547
15955976176.1762	-115.7919793
15975996096.0961	-118.1480191
15996016016.016	-113.1557341
16016035935.9359	-117.6502805
16036055855.8559	-112.6725519
16056075775.7758	-119.8044729
16076095695.6957	-121.5081541
16096115615.6156	-120.1070525
16116135535.5355	-112.8321228
16136155455.4555	-128.5034024
16156175375.3754	-118.0065896
16176195295.2953	-122.9607039
16196215215.2152	-108.3308535
16216235135.1351	-110.7511242
16236255055.0551	-123.1487381
16256274974.975	-115.1224741
16276294894.8949	-126.1515224
16296314814.8148	-112.309395
16316334734.7347	-107.5441151
16336354654.6547	-110.6350744
16356374574.5746	-116.5870393
16376394494.4945	-111.9960148
16396414414.4144	-115.7733461
16416434334.3343	-111.3079826
16436454254.2543	-111.3279562
16456474174.1742	-117.4709093
16476494094.0941	-127.5680149
16496514014.014	-115.5833306
16516533933.9339	-117.7921683
16536553853.8539	-121.6155272
16556573773.7738	-115.6205171
16576593693.6937	-110.6808341
16596613613.6136	-125.5420196
16616633533.5335	-114.3706452
16636653453.4535	-118.1272377
16656673373.3734	-132.3664682
16676693293.2933	-125.4932766
16696713213.2132	-115.1128498
16716733133.1331	-118.3865512
16736753053.0531	-112.1984397
16756772972.973	-119.4621131
16776792892.8929	-114.9257852
16796812812.8128	-114.850167
16816832732.7327	-120.9562593
16836852652.6527	-116.7050925
16856872572.5726	-111.7280934
16876892492.4925	-118.6671047
16896912412.4124	-111.4018635
16916932332.3323	-109.5980047
16936952252.2523	-112.2446851
16956972172.1722	-114.5104632
16976992092.0921	-116.3501766
16997012012.012	-112.9996102
17017031931.9319	-108.7509046
17037051851.8519	-114.1808026
17057071771.7718	-110.9170566
17077091691.6917	-116.8199706
17097111611.6116	-117.4893995
17117131531.5315	-109.7408841
17137151451.4515	-108.3011072
17157171371.3714	-117.7028291
17177191291.2913	-117.6415691
17197211211.2112	-112.2778196
17217231131.1311	-112.8572631
17237251051.0511	-115.2053261
17257270970.971	-112.7555112
17277290890.8909	-124.7843536
17297310810.8108	-114.7190027
17317330730.7307	-135.7655723
17337350650.6507	-116.1859616
17357370570.5706	-123.2041973
17377390490.4905	-126.4002722
17397410410.4104	-106.5798716
17417430330.3303	-117.9036159
17437450250.2502	-113.0805205
17457470170.1702	-112.6889468
17477490090.0901	-108.2796202
17497510010.01	-114.1433204
17517529929.9299	-116.8311643
17537549849.8498	-111.1147755
17557569769.7698	-110.6439607
17577589689.6897	-119.5147889
17597609609.6096	-117.7296432
17617629529.5295	-118.0427734
17637649449.4494	-106.3873078
17657669369.3694	-110.3209657
17677689289.2893	-110.8351766
17697709209.2092	-113.8224951
17717729129.1291	-113.6838382
17737749049.049	-109.3548878
17757768968.969	-107.312953
17777788888.8889	-116.2084753
17797808808.8088	-115.9247223
17817828728.7287	-124.1239914
17837848648.6486	-107.5989294
17857868568.5686	-115.8620844
17877888488.4885	-116.9923824
17897908408.4084	-111.3670371
17917928328.3283	-112.0329489
17937948248.2482	-111.5032747
17957968168.1682	-110.9149117
17977988088.0881	-113.3750819
17998008008.008	-111.4009805
18018027927.9279	-118.789244
18038047847.8478	-129.0852196
18058067767.7678	-122.7590486
18078087687.6877	-112.7030395
18098107607.6076	-122.7287957
18118127527.5275	-107.0340233
18138147447.4474	-115.0073324
18158167367.3674	-117.4001792
18178187287.2873	-116.6529021
18198207207.2072	-115.3076393
18218227127.1271	-115.2605501
18238247047.047	-116.2465141
18258266966.967	-108.374788
18278286886.8869	-109.4697481
18298306806.8068	-109.2955772
18318326726.7267	-112.9319535
18338346646.6466	-121.1072029
18358366566.5666	-110.4723001
18378386486.4865	-113.6945957
18398406406.4064	-118.2238812
18418426326.3263	-111.0059896
18438446246.2462	-120.9802984
18458466166.1662	-136.4303054
18478486086.0861	-114.2645468
18498506006.006	-119.1929888
18518525925.9259	-112.2588854
18538545845.8458	-113.4553527
18558565765.7658	-111.2947993
18578585685.6857	-110.630169
18598605605.6056	-116.5959337
18618625525.5255	-104.9617789
18638645445.4454	-114.6471309
18658665365.3654	-110.7859833
18678685285.2853	-107.2612566
18698705205.2052	-121.4916742
18718725125.1251	-111.6071901
18738745045.045	-109.0238404
18758764964.965	-111.8672853
18778784884.8849	-113.7597281
18798804804.8048	-122.210869
18818824724.7247	-122.0415873
18838844644.6446	-116.2421355
18858864564.5646	-112.5277085
18878884484.4845	-110.195815
18898904404.4044	-108.4824458
18918924324.3243	-110.0429716
18938944244.2442	-116.2197799
18958964164.1642	-132.9777393
18978984084.0841	-110.2597898
18999004004.004	-120.210444
19019023923.9239	-121.7060406
19039043843.8438	-120.127551
19059063763.7638	-110.3102302
19079083683.6837	-110.312723
19099103603.6036	-116.3828802
19119123523.5235	-109.1320018
19139143443.4434	-110.8134633
19159163363.3634	-112.3346065
19179183283.2833	-105.7469835
19199203203.2032	-126.1056611
19219223123.1231	-123.6313714
19239243043.043	-118.4345351
19259262962.963	-113.459576
19279282882.8829	-114.7471886
19299302802.8028	-114.6154524
19319322722.7227	-111.6458775
19339342642.6426	-115.7474745
19359362562.5626	-109.5822069
19379382482.4825	-111.6828974
19399402402.4024	-116.3114458
19419422322.3223	-107.8923897
19439442242.2422	-109.899862
19459462162.1622	-111.7547757
19479482082.0821	-110.1188491
19499502002.002	-111.253778
19519521921.9219	-119.936216
19539541841.8418	-112.8533168
19559561761.7618	-113.0608986
19579581681.6817	-113.4711087
19599601601.6016	-113.1290102
19619621521.5215	-111.3861112
19639641441.4414	-117.1298554
19659661361.3614	-114.3000528
19679681281.2813	-112.6519261
19699701201.2012	-119.8187728
19719721121.1211	-115.5279153
19739741041.041	-119.0999024
19759760960.961	-113.7650317
19779780880.8809	-117.1576346
19799800800.8008	-119.1929897
19819820720.7207	-120.0634728
19839840640.6406	-115.1576429
19859860560.5606	-112.3010411
19879880480.4805	-108.7279335
19899900400.4004	-119.3475458
19919920320.3203	-111.8957932
19939940240.2402	-108.2830252
19959960160.1602	-115.7972422
19979980080.0801	-111.5272747
20000000000	-120.6505794
