# S12_frequency_set	VNA_S12_trace
# "S12 frequency"	"S12 magnitude"
# 1000
100000	-20.20124103
20119919.9199199	-63.91451172
40139839.8398398	-64.39477955
60159759.7597598	-64.95566355
80179679.6796797	-65.03661892
100199599.5996	-65.35832887
120219519.51952	-65.6520174
140239439.439439	-65.84205666
160259359.359359	-66.31710484
180279279.279279	-66.57938546
200299199.199199	-66.52427449
220319119.119119	-66.84018965
240339039.039039	-67.13598882
260358958.958959	-67.11259053
280378878.878879	-67.44145649
300398798.798799	-67.77269405
320418718.718719	-67.96267238
340438638.638639	-68.0331504
360458558.558559	-68.17896453
380478478.478478	-68.52704822
400498398.398398	-68.5127347
420518318.318318	-68.66064641
440538238.238238	-68.93581673
460558158.158158	-68.99089397
480578078.078078	-69.17098149
500597997.997998	-69.39115657
520617917.917918	-69.4565495
540637837.837838	-69.37418724
560657757.757758	-69.77184019
580677677.677678	-69.99492227
600697597.597598	-70.12465429
620717517.517517	-69.83109497
640737437.437437	-70.29867464
660757357.357357	-70.56815199
680777277.277277	-70.34375345
700797197.197197	-70.77313263
720817117.117117	-70.63849657
740837037.037037	-70.69063087
760856956.956957	-70.91639401
780876876.876877	-71.03464945
800896796.796797	-71.32805064
820916716.716717	-71.23844151
840936636.636637	-71.17460309
860956556.556557	-71.84370974
880976476.476476	-71.39300713
900996396.396396	-71.77353063
921016316.316316	-71.97038471
941036236.236236	-72.125079
961056156.156156	-72.48860207
981076076.076076	-72.10321427
1001095995.996	-72.35240983
1021115915.91592	-72.53252544
1041135835.83584	-72.65874002
1061155755.75576	-72.22438762
1081175675.67568	-72.66363736
1101195595.5956	-72.6040078
1121215515.51552	-72.91155952
1141235435.43544	-73.22552156
1161255355.35536	-72.91928854
1181275275.27528	-72.99387202
1201295195.1952	-73.23332588
1221315115.11512	-73.93363152
1241335035.03503	-73.84231123
1261354954.95495	-73.63383651
1281374874.87487	-73.44910788
1301394794.79479	-73.54782816
1321414714.71471	-73.6336141
1341434634.63463	-73.8842988
1361454554.55455	-73.9874301
1381474474.47447	-73.99819133
1401494394.39439	-74.06023712
1421514314.31431	-74.27295658
1441534234.23423	-74.42069142
1461554154.15415	-74.3903824
1481574074.07407	-74.57234725
1501593993.99399	-74.84378499
1521613913.91391	-74.3513797
1541633833.83383	-74.81031038
1561653753.75375	-74.75951951
1581673673.67367	-75.28268409
1601693593.59359	-75.06877491
1621713513.51351	-74.88164143
1641733433.43343	-75.67540263
1661753353.35335	-75.43251993
1681773273.27327	-75.44604904
1701793193.19319	-75.36274137
1721813113.11311	-75.54660711
1741833033.03303	-75.49089323
1761852952.95295	-75.78357173
1781872872.87287	-76.17739923
1801892792.79279	-76.1500297
1821912712.71271	-75.89698835
1841932632.63263	-76.04049141
1861952552.55255	-76.02831808
1881972472.47247	-76.42475353
1901992392.39239	-75.98825358
1922012312.31231	-76.78663188
1942032232.23223	-76.54644946
1962052152.15215	-76.61755466
1982072072.07207	-76.85414728
2002091991.99199	-76.47136738
2022111911.91191	-76.91324111
2042131831.83183	-77.34313871
2062151751.75175	-77.0032549
2082171671.67167	-77.32002974
2102191591.59159	-76.74777126
2122211511.51151	-76.92146671
2142231431.43143	-77.72607465
2162251351.35135	-77.56844522
2182271271.27127	-77.40505502
2202291191.19119	-78.03737975
2222311111.11111	-77.75018102
2242331031.03103	-77.83387405
2262350950.95095	-77.65103979
2282370870.87087	-77.55599576
2302390790.79079	-77.65420898
2322410710.71071	-78.05175616
2342430630.63063	-78.31242746
2362450550.55055	-78.2507579
2382470470.47047	-77.66574239
2402490390.39039	-78.6181384
2422510310.31031	-78.39039002
2442530230.23023	-78.15531929
2462550150.15015	-78.48155986
2482570070.07007	-78.15049099
2502589989.98999	-78.67945046
2522609909.90991	-78.977788
2542629829.82983	-78.6367952
2562649749.74975	-78.92131658
2582669669.66967	-78.70754485
2602689589.58959	-79.14452283
2622709509.50951	-79.12833733
2642729429.42943	-79.44847586
2662749349.34935	-79.80625959
2682769269.26927	-79.12664712
2702789189.18919	-79.06103531
2722809109.10911	-79.82537857
2742829029.02903	-79.62014017
2762848948.94895	-79.54575394
2782868868.86887	-79.70902871
2802888788.78879	-79.8407678
2822908708.70871	-80.23903026
2842928628.62863	-80.32920804
2862948548.54855	-79.82304506
2882968468.46847	-80.0295768
2902988388.38839	-80.15995639
2923008308.30831	-80.55361519
2943028228.22823	-80.42068847
2963048148.14815	-80.54936613
2983068068.06807	-80.38242432
3003087987.98799	-80.47886366
3023107907.90791	-80.80421555
3043127827.82783	-80.72588031
3063147747.74775	-81.295951
3083167667.66767	-81.418915
3103187587.58759	-80.47985129
3123207507.50751	-80.72622969
3143227427.42743	-81.36371786
3163247347.34735	-81.35531124
3183267267.26727	-81.17751848
3203287187.18719	-81.61724424
3223307107.10711	-81.47940567
3243327027.02703	-81.43701827
3263346946.94695	-81.88085364
3283366866.86687	-81.38022026
3303386786.78679	-80.94004814
3323406706.70671	-81.83430705
3343426626.62663	-81.87766538
3363446546.54655	-82.12356886
3383466466.46647	-82.2262121
3403486386.38639	-81.52185046
3423506306.30631	-82.23955557
3443526226.22623	-82.14629859
3463546146.14615	-81.96171331
3483566066.06607	-81.59763351
3503585985.98599	-82.23267177
3523605905.90591	-82.37883856
3543625825.82583	-82.42980228
3563645745.74575	-82.28353582
3583665665.66567	-82.48052005
3603685585.58559	-82.4752923
3623705505.50551	-82.47635615
3643725425.42543	-82.79428133
3663745345.34535	-82.17498144
3683765265.26526	-82.93659055
3703785185.18518	-83.12556931
3723805105.1051	-83.78735271
3743825025.02502	-82.84951692
3763844944.94494	-82.52478595
3783864864.86486	-82.97620886
3803884784.78478	-83.45967741
3823904704.7047	-83.2299097
3843924624.62462	-84.47730785
3863944544.54454	-83.12943765
3883964464.46446	-83.56161513
3903984384.38438	-84.00903204
3924004304.3043	-83.51267557
3944024224.22422	-83.86213266
3964044144.14414	-83.51108534
3984064064.06406	-83.91344077
4004083983.98398	-83.58940815
4024103903.9039	-83.64753716
4044123823.82382	-84.28266866
4064143743.74374	-83.88641518
4084163663.66366	-83.87923076
4104183583.58358	-83.91635715
4124203503.5035	-84.40401871
4144223423.42342	-85.11450784
4164243343.34334	-84.97160289
4184263263.26326	-84.85750484
4204283183.18318	-84.72327485
4224303103.1031	-84.74327741
4244323023.02302	-84.40271335
4264342942.94294	-84.83530661
4284362862.86286	-84.75901089
4304382782.78278	-86.04083671
4324402702.7027	-84.59990186
4344422622.62262	-85.20336487
4364442542.54254	-84.85288424
4384462462.46246	-84.93889729
4404482382.38238	-85.10387968
4424502302.3023	-85.27492109
4444522222.22222	-85.23743976
4464542142.14214	-85.3526991
4484562062.06206	-85.47809603
4504581981.98198	-84.77577508
4524601901.9019	-85.86050633
4544621821.82182	-84.80638734
4564641741.74174	-85.3792381
4584661661.66166	-84.99741437
4604681581.58158	-85.65639933
4624701501.5015	-85.48564596
4644721421.42142	-85.91993692
4664741341.34134	-84.97946184
4684761261.26126	-86.02862692
4704781181.18118	-86.37979323
4724801101.1011	-86.32088643
4744821021.02102	-86.89462559
4764840940.94094	-85.4796203
4784860860.86086	-85.90806752
4804880780.78078	-86.36196545
4824900700.7007	-85.99510065
4844920620.62062	-85.98783942
4864940540.54054	-85.85607875
4884960460.46046	-86.34454185
4904980380.38038	-85.67117305
4925000300.3003	-86.58228595
4945020220.22022	-85.40786713
4965040140.14014	-86.97139182
4985060060.06006	-87.16641578
5005079979.97998	-86.04436204
5025099899.8999	-85.99464689
5045119819.81982	-86.9625443
5065139739.73974	-87.12568868
5085159659.65966	-86.20841425
5105179579.57958	-85.66348496
5125199499.4995	-86.05427483
5145219419.41942	-86.82878311
5165239339.33934	-87.05245392
5185259259.25926	-86.85115799
5205279179.17918	-86.47555338
5225299099.0991	-86.7403048
5245319019.01902	-86.81396523
5265338938.93894	-86.76050329
5285358858.85886	-87.11197137
5305378778.77878	-86.34203514
5325398698.6987	-86.36833041
5345418618.61862	-87.47820172
5365438538.53854	-85.93837527
5385458458.45846	-86.38672341
5405478378.37838	-87.24393617
5425498298.2983	-88.1472732
5445518218.21822	-86.49565204
5465538138.13814	-86.72854855
5485558058.05806	-87.60587483
5505577977.97798	-86.58493247
5525597897.8979	-87.43521305
5545617817.81782	-87.17354379
5565637737.73774	-87.26672578
5585657657.65766	-88.59040615
5605677577.57758	-88.52200729
5625697497.4975	-87.71973111
5645717417.41742	-87.2410452
5665737337.33734	-88.076533
5685757257.25726	-87.92384694
5705777177.17718	-89.23043007
5725797097.0971	-88.0529121
5745817017.01702	-88.24948372
5765836936.93694	-88.88878328
5785856856.85686	-87.31631487
5805876776.77678	-88.57304021
5825896696.6967	-87.54696046
5845916616.61662	-88.97125742
5865936536.53654	-89.2072136
5885956456.45646	-87.61466549
5905976376.37638	-88.33131608
5925996296.2963	-89.14245193
5946016216.21622	-89.47029265
5966036136.13614	-89.94401608
5986056056.05606	-89.02499232
6006075975.97598	-88.9138706
6026095895.8959	-88.86311453
6046115815.81582	-88.99950676
6066135735.73574	-88.64066936
6086155655.65566	-89.28900899
6106175575.57558	-87.67097713
6126195495.49549	-89.34655581
6146215415.41541	-88.39880823
6166235335.33533	-88.1408886
6186255255.25525	-88.81992281
6206275175.17517	-88.38625097
6226295095.09509	-88.19769822
6246315015.01501	-88.87482892
6266334934.93493	-89.13051672
6286354854.85485	-89.66783433
6306374774.77477	-90.19143536
6326394694.69469	-90.37646919
6346414614.61461	-89.27387191
6366434534.53453	-89.81723483
6386454454.45445	-91.98414793
6406474374.37437	-89.08863379
6426494294.29429	-90.16014358
6446514214.21421	-88.01795192
6466534134.13413	-89.84067843
6486554054.05405	-89.49251773
6506573973.97397	-91.06742161
6526593893.89389	-90.5580541
6546613813.81381	-89.90233327
6566633733.73373	-90.00672937
6586653653.65365	-90.72241993
6606673573.57357	-89.7489764
6626693493.49349	-89.72637509
6646713413.41341	-89.90069385
6666733333.33333	-89.5457137
6686753253.25325	-89.99389876
6706773173.17317	-89.91350854
6726793093.09309	-89.2055952
6746813013.01301	-91.25746795
6766832932.93293	-91.10855344
6786852852.85285	-90.38000803
6806872772.77277	-91.59819468
6826892692.69269	-91.27523065
6846912612.61261	-88.31118005
6866932532.53253	-92.95401674
6886952452.45245	-93.19199242
6906972372.37237	-89.82672894
6926992292.29229	-91.31332577
6947012212.21221	-91.68533506
6967032132.13213	-90.48083751
6987052052.05205	-91.82511583
7007071971.97197	-90.89798824
7027091891.89189	-89.13943727
7047111811.81181	-92.21866631
7067131731.73173	-89.64540662
7087151651.65165	-91.13201477
7107171571.57157	-89.74435442
7127191491.49149	-93.53419505
7147211411.41141	-90.98610389
7167231331.33133	-90.17769412
7187251251.25125	-93.24576051
7207271171.17117	-92.72449925
7227291091.09109	-89.93979698
7247311011.01101	-92.92785663
7267330930.93093	-89.96261604
7287350850.85085	-91.16549633
7307370770.77077	-91.67586089
7327390690.69069	-92.22062092
7347410610.61061	-91.62485606
7367430530.53053	-91.97552661
7387450450.45045	-92.21100023
7407470370.37037	-89.72443113
7427490290.29029	-93.79857595
7447510210.21021	-90.7636937
7467530130.13013	-95.0185971
7487550050.05005	-93.85196289
7507569969.96997	-91.85912779
7527589889.88989	-90.28864393
7547609809.80981	-93.92647998
7567629729.72973	-91.9477262
7587649649.64965	-92.69567584
7607669569.56957	-90.46800482
7627689489.48949	-91.08502792
7647709409.40941	-90.68970217
7667729329.32933	-93.15898772
7687749249.24925	-94.08703478
7707769169.16917	-90.78571944
7727789089.08909	-92.88995972
7747809009.00901	-92.09669678
7767828928.92893	-90.88223617
7787848848.84885	-93.07191506
7807868768.76877	-90.57557362
7827888688.68869	-91.21792929
7847908608.60861	-91.55966834
7867928528.52853	-92.75416222
7887948448.44845	-90.61167758
7907968368.36837	-91.1395277
7927988288.28829	-92.43750656
7948008208.20821	-91.66306224
7968028128.12813	-94.12632972
7988048048.04805	-93.31910965
8008067967.96797	-91.83998355
8028087887.88789	-90.77136783
8048107807.80781	-90.30560596
8068127727.72773	-92.28953499
8088147647.64765	-92.24971639
8108167567.56757	-91.56656849
8128187487.48749	-93.72248011
8148207407.40741	-95.50628968
8168227327.32733	-93.62536767
8188247247.24725	-91.82291367
8208267167.16717	-93.84291385
8228287087.08709	-94.89631733
8248307007.00701	-93.28943525
8268326926.92693	-93.30497961
8288346846.84685	-91.7751448
8308366766.76677	-93.34372844
8328386686.68669	-91.35259264
8348406606.60661	-95.28891597
8368426526.52653	-90.51269726
8388446446.44645	-92.54229862
8408466366.36637	-93.5230636
8428486286.28629	-94.44577255
8448506206.20621	-91.00564112
8468526126.12613	-95.24164664
8488546046.04605	-94.11568969
8508565965.96597	-95.04970294
8528585885.88589	-92.53937496
8548605805.80581	-91.19449072
8568625725.72573	-94.87525272
8588645645.64565	-96.43516571
8608665565.56557	-98.81533253
8628685485.48549	-92.22465035
8648705405.40541	-93.24317842
8668725325.32533	-94.89095715
8688745245.24524	-95.94633655
8708765165.16516	-93.48331415
8728785085.08508	-95.27399525
8748805005.005	-93.66817714
8768824924.92492	-93.84864867
8788844844.84484	-92.58060443
8808864764.76476	-93.42910753
8828884684.68468	-92.96457153
8848904604.6046	-97.46474615
8868924524.52452	-93.94382888
8888944444.44444	-92.50618453
8908964364.36436	-93.07569349
8928984284.28428	-97.04861166
8949004204.2042	-94.52066747
8969024124.12412	-96.16291587
8989044044.04404	-95.82583377
9009063963.96396	-92.02448633
9029083883.88388	-97.89778576
9049103803.8038	-98.27687794
9069123723.72372	-94.22522095
9089143643.64364	-94.20446025
9109163563.56356	-93.81830318
9129183483.48348	-94.34018211
9149203403.4034	-96.41270137
9169223323.32332	-96.60637379
9189243243.24324	-95.01943489
9209263163.16316	-95.22930359
9229283083.08308	-94.83145011
9249303003.003	-93.25582578
9269322922.92292	-95.86658255
9289342842.84284	-94.4744047
9309362762.76276	-93.58764861
9329382682.68268	-92.40385808
9349402602.6026	-94.59243224
9369422522.52252	-93.70344604
9389442442.44244	-94.35835697
9409462362.36236	-93.29308965
9429482282.28228	-92.35984545
9449502202.2022	-96.28947568
9469522122.12212	-98.66403459
9489542042.04204	-94.54116231
9509561961.96196	-95.08647461
9529581881.88188	-94.86413767
9549601801.8018	-94.8839866
9569621721.72172	-94.94475804
9589641641.64164	-92.92728279
9609661561.56156	-96.97262286
9629681481.48148	-99.0789488
9649701401.4014	-94.91436006
9669721321.32132	-96.97308556
9689741241.24124	-98.30466539
9709761161.16116	-92.87214735
9729781081.08108	-100.0458057
9749801001.001	-95.48498186
9769820920.92092	-97.43197711
9789840840.84084	-95.42822621
9809860760.76076	-96.45853875
9829880680.68068	-96.34386577
9849900600.6006	-93.75040075
9869920520.52052	-98.01969473
9889940440.44044	-96.43120312
9909960360.36036	-95.76783951
9929980280.28028	-94.45261631
9950000200.2002	-95.05937894
9970020120.12012	-100.9116104
9990040040.04004	-99.83494931
10010059959.96	-96.54031177
10030079879.8799	-94.73567667
10050099799.7998	-93.63653139
10070119719.7197	-94.03923238
10090139639.6396	-100.6520507
10110159559.5596	-103.2324696
10130179479.4795	-95.04502849
10150199399.3994	-96.74454032
10170219319.3193	-100.156739
10190239239.2392	-98.29893422
10210259159.1592	-96.84620867
10230279079.0791	-94.87733247
10250298998.999	-95.52496307
10270318918.9189	-94.03983309
10290338838.8388	-98.31943503
10310358758.7588	-110.1651597
10330378678.6787	-94.85426462
10350398598.5986	-95.49703169
10370418518.5185	-96.07899433
10390438438.4384	-97.22120038
10410458358.3584	-98.32798492
10430478278.2783	-98.6795868
10450498198.1982	-107.932586
10470518118.1181	-95.9607254
10490538038.038	-98.3704336
10510557957.958	-96.82742719
10530577877.8779	-103.4634633
10550597797.7978	-100.2612756
10570617717.7177	-98.13002022
10590637637.6376	-97.58522874
10610657557.5576	-97.32670605
10630677477.4775	-96.49834878
10650697397.3974	-94.72748133
10670717317.3173	-93.49087671
10690737237.2372	-95.87906095
10710757157.1572	-101.6498246
10730777077.0771	-98.46916841
10750796996.997	-98.63732288
10770816916.9169	-98.53168157
10790836836.8368	-98.72504632
10810856756.7568	-98.98746567
10830876676.6767	-93.94498783
10850896596.5966	-96.75730929
10870916516.5165	-96.03917508
10890936436.4364	-99.54272094
10910956356.3564	-98.43640141
10930976276.2763	-95.46906605
10950996196.1962	-96.6724522
10971016116.1161	-99.62318025
10991036036.036	-101.12237
11011055955.956	-98.2572019
11031075875.8759	-94.99553842
11051095795.7958	-97.46886606
11071115715.7157	-99.53731104
11091135635.6356	-96.99234161
11111155555.5556	-96.39879199
11131175475.4755	-95.17875182
11151195395.3954	-99.96260244
11171215315.3153	-97.91975806
11191235235.2352	-93.95257032
11211255155.1552	-102.8909589
11231275075.0751	-96.37750837
11251294994.995	-100.2566107
11271314914.9149	-101.24861
11291334834.8348	-96.40503786
11311354754.7548	-100.0964167
11331374674.6747	-93.63540336
11351394594.5946	-102.7354944
11371414514.5145	-102.076049
11391434434.4344	-102.3345499
11411454354.3544	-97.57771307
11431474274.2743	-95.78540563
11451494194.1942	-97.56493381
11471514114.1141	-99.64599629
11491534034.034	-105.0757193
11511553953.954	-96.63396837
11531573873.8739	-96.36170482
11551593793.7938	-99.48325599
11571613713.7137	-97.9318385
11591633633.6336	-97.15239309
11611653553.5536	-101.7518642
11631673473.4735	-105.6362868
11651693393.3934	-97.55846086
11671713313.3133	-105.8751457
11691733233.2332	-100.579302
11711753153.1532	-100.1846277
11731773073.0731	-96.73560088
11751792992.993	-98.90689978
11771812912.9129	-104.4598567
11791832832.8328	-102.8896807
11811852752.7528	-100.2618179
11831872672.6727	-101.3323937
11851892592.5926	-103.3695935
11871912512.5125	-103.8213605
11891932432.4324	-98.20786615
11911952352.3524	-104.2717951
11931972272.2723	-97.54971933
11951992192.1922	-99.71103824
11972012112.1121	-100.1536362
11992032032.032	-95.57649123
12012051951.952	-99.41074881
12032071871.8719	-109.904445
12052091791.7918	-100.5927154
12072111711.7117	-109.403186
12092131631.6316	-101.526375
12112151551.5516	-99.00521431
12132171471.4715	-102.6668588
12152191391.3914	-103.8470697
12172211311.3113	-102.7777514
12192231231.2312	-107.4957039
12212251151.1512	-105.5011941
12232271071.0711	-101.3870997
12252290990.991	-98.82484613
12272310910.9109	-102.6167841
12292330830.8308	-95.2119138
12312350750.7507	-98.18427934
12332370670.6707	-95.5520573
12352390590.5906	-102.8662268
12372410510.5105	-99.82703469
12392430430.4304	-98.47650694
12412450350.3503	-106.047294
12432470270.2703	-107.1979502
12452490190.1902	-101.0317794
12472510110.1101	-105.2659235
12492530030.03	-101.4769243
12512549949.9499	-103.5182274
12532569869.8699	-97.30293989
12552589789.7898	-97.17342052
12572609709.7097	-98.67552377
12592629629.6296	-98.8176671
12612649549.5495	-98.53618955
12632669469.4695	-94.54373
12652689389.3894	-100.4199075
12672709309.3093	-98.36603326
12692729229.2292	-110.2880023
12712749149.1491	-101.3504291
12732769069.0691	-97.22910737
12752788988.989	-99.94112791
12772808908.9089	-103.9204752
12792828828.8288	-111.0030744
12812848748.7487	-117.1342878
12832868668.6687	-100.402454
12852888588.5886	-100.0503178
12872908508.5085	-109.8127548
12892928428.4284	-105.6776151
12912948348.3483	-114.7061094
12932968268.2683	-110.7441044
12952988188.1882	-99.9852455
12973008108.1081	-101.6859896
12993028028.028	-94.79082557
13013047947.9479	-98.50276156
13033067867.8679	-97.64293009
13053087787.7878	-96.57914683
13073107707.7077	-104.0958997
13093127627.6276	-97.76773781
13113147547.5475	-97.18762164
13133167467.4675	-100.1453717
13153187387.3874	-101.5288844
13173207307.3073	-119.1499128
13193227227.2272	-105.9943394
13213247147.1471	-106.297546
13233267067.0671	-100.1629574
13253286986.987	-98.69278041
13273306906.9069	-101.572486
13293326826.8268	-102.505623
13313346746.7467	-99.52344633
13333366666.6667	-98.44138037
13353386586.5866	-95.45490369
13373406506.5065	-104.4165567
13393426426.4264	-104.952719
13413446346.3463	-108.4659581
13433466266.2663	-94.49652337
13453486186.1862	-116.6503497
13473506106.1061	-97.43222228
13493526026.026	-97.64580854
13513545945.9459	-135.8247164
13533565865.8659	-95.56053062
13553585785.7858	-103.9407627
13573605705.7057	-105.2923399
13593625625.6256	-98.86758622
13613645545.5455	-111.732045
13633665465.4655	-96.37196655
13653685385.3854	-95.6252935
13673705305.3053	-100.1800437
13693725225.2252	-99.30179906
13713745145.1451	-95.10789751
13733765065.0651	-95.5017146
13753784984.985	-102.7347908
13773804904.9049	-99.70152811
13793824824.8248	-104.6514477
13813844744.7447	-105.2302193
13833864664.6647	-116.873803
13853884584.5846	-100.8123692
13873904504.5045	-95.81052964
13893924424.4244	-112.8870372
13913944344.3443	-96.29337044
13933964264.2643	-103.6166656
13953984184.1842	-96.35784846
13974004104.1041	-98.17826034
13994024024.024	-96.01929955
14014043943.9439	-101.8704203
14034063863.8639	-96.04298766
14054083783.7838	-99.16652901
14074103703.7037	-116.0057641
14094123623.6236	-104.6260779
14114143543.5435	-98.56381356
14134163463.4635	-112.780324
14154183383.3834	-99.54279701
14174203303.3033	-97.83379909
14194223223.2232	-98.60749211
14214243143.1431	-94.19388875
14234263063.0631	-102.5619416
14254282982.983	-102.4040823
14274302902.9029	-108.0498423
14294322822.8228	-96.53314237
14314342742.7427	-101.7054128
14334362662.6627	-98.72556798
14354382582.5826	-96.28137785
14374402502.5025	-102.7221895
14394422422.4224	-99.63878706
14414442342.3423	-99.04843541
14434462262.2623	-101.1713377
14454482182.1822	-100.6848124
14474502102.1021	-106.2418885
14494522022.022	-99.41429974
14514541941.9419	-98.61724702
14534561861.8619	-107.1438538
14554581781.7818	-103.0906008
14574601701.7017	-113.669608
14594621621.6216	-101.4585847
14614641541.5415	-97.19545642
14634661461.4615	-97.35242011
14654681381.3814	-108.1921985
14674701301.3013	-115.314974
14694721221.2212	-104.8008241
14714741141.1411	-108.8998987
14734761061.0611	-98.92496785
14754780980.981	-97.57047932
14774800900.9009	-109.2448817
14794820820.8208	-94.57732657
14814840740.7407	-98.57373322
14834860660.6607	-104.1648026
14854880580.5806	-101.5551311
14874900500.5005	-100.8385653
14894920420.4204	-100.5372973
14914940340.3403	-111.3160392
14934960260.2603	-106.0930213
14954980180.1802	-100.1678141
14975000100.1001	-102.026327
14995020020.02	-105.6668918
15015039939.9399	-99.33848997
15035059859.8599	-101.1063688
15055079779.7798	-100.881439
15075099699.6997	-105.2058
15095119619.6196	-99.71888511
15115139539.5395	-95.65173725
15135159459.4595	-100.8812076
15155179379.3794	-98.89430651
15175199299.2993	-107.386457
15195219219.2192	-119.0988859
15215239139.1391	-98.08639891
15235259059.0591	-104.8907439
15255278978.979	-124.4660214
15275298898.8989	-101.0161334
15295318818.8188	-108.7805864
15315338738.7387	-109.6339098
15335358658.6587	-99.89072749
15355378578.5786	-100.7724882
15375398498.4985	-110.9900447
15395418418.4184	-102.847984
15415438338.3383	-104.7302705
15435458258.2583	-104.1595012
15455478178.1782	-102.1697465
15475498098.0981	-104.3463045
15495518018.018	-99.97433656
15515537937.9379	-104.9461414
15535557857.8579	-113.3831081
15555577777.7778	-104.5192938
15575597697.6977	-109.7604829
15595617617.6176	-105.2521325
15615637537.5375	-118.4102722
15635657457.4575	-109.7900974
15655677377.3774	-113.144365
15675697297.2973	-99.94616058
15695717217.2172	-105.6340145
15715737137.1371	-103.1146629
15735757057.0571	-104.0610065
15755776976.977	-112.657423
15775796896.8969	-116.1020934
15795816816.8168	-103.6092489
15815836736.7367	-116.7302479
15835856656.6567	-107.559462
15855876576.5766	-108.281643
15875896496.4965	-115.6000335
15895916416.4164	-104.7432879
15915936336.3363	-98.63625654
15935956256.2563	-99.91700146
15955976176.1762	-103.8761344
15975996096.0961	-100.4777986
15996016016.016	-103.3794588
16016035935.9359	-100.0487115
16036055855.8559	-103.0097947
16056075775.7758	-108.2916454
16076095695.6957	-107.3652056
16096115615.6156	-104.7323692
16116135535.5355	-105.0981422
16136155455.4555	-106.6807323
16156175375.3754	-105.1399508
16176195295.2953	-114.2116031
16196215215.2152	-102.7078816
16216235135.1351	-111.7102671
16236255055.0551	-108.346606
16256274974.975	-97.68171159
16276294894.8949	-105.2323243
16296314814.8148	-106.9444192
16316334734.7347	-99.65482429
16336354654.6547	-100.6677935
16356374574.5746	-104.4834443
16376394494.4945	-118.5312911
16396414414.4144	-103.9776718
16416434334.3343	-98.95137785
16436454254.2543	-106.7464787
16456474174.1742	-108.5164994
16476494094.0941	-94.11597178
16496514014.014	-100.1422657
16516533933.9339	-106.5666165
16536553853.8539	-108.9927273
16556573773.7738	-110.5704441
16576593693.6937	-104.6249601
16596613613.6136	-101.1695275
16616633533.5335	-108.0131995
16636653453.4535	-112.3517477
16656673373.3734	-102.267385
16676693293.2933	-110.3762042
16696713213.2132	-106.3164366
16716733133.1331	-104.3770398
16736753053.0531	-101.7386724
16756772972.973	-112.3720939
16776792892.8929	-103.3433867
16796812812.8128	-103.5465046
16816832732.7327	-103.61183
16836852652.6527	-109.5355197
16856872572.5726	-99.68513622
16876892492.4925	-100.6815053
16896912412.4124	-106.3912367
16916932332.3323	-104.2974762
16936952252.2523	-101.4873426
16956972172.1722	-100.3900623
16976992092.0921	-99.80612682
16997012012.012	-102.4907297
17017031931.9319	-104.9619503
17037051851.8519	-119.6044407
17057071771.7718	-108.0164779
17077091691.6917	-103.531329
17097111611.6116	-104.3613996
17117131531.5315	-109.1036244
17137151451.4515	-100.0932313
17157171371.3714	-105.5012439
17177191291.2913	-101.3048861
17197211211.2112	-110.0962921
17217231131.1311	-108.0571266
17237251051.0511	-120.2414374
17257270970.971	-105.0635229
17277290890.8909	-98.37728014
17297310810.8108	-100.4416118
17317330730.7307	-106.1647292
17337350650.6507	-103.9358572
17357370570.5706	-114.6627571
17377390490.4905	-105.1693539
17397410410.4104	-102.7727305
17417430330.3303	-104.6859777
17437450250.2502	-101.4098801
17457470170.1702	-112.6283539
17477490090.0901	-106.030201
17497510010.01	-102.2139108
17517529929.9299	-103.6351813
17537549849.8498	-99.89498396
17557569769.7698	-103.5262709
17577589689.6897	-105.1616839
17597609609.6096	-104.4682371
17617629529.5295	-98.88453387
17637649449.4494	-123.9216238
17657669369.3694	-102.2073003
17677689289.2893	-100.1185673
17697709209.2092	-101.0395933
17717729129.1291	-117.5143006
17737749049.049	-98.31803862
17757768968.969	-101.3786303
17777788888.8889	-102.9704591
17797808808.8088	-107.6888617
17817828728.7287	-106.4844547
17837848648.6486	-98.52979288
17857868568.5686	-113.8295536
17877888488.4885	-110.8039289
17897908408.4084	-105.2624961
17917928328.3283	-100.7681269
17937948248.2482	-99.48302303
17957968168.1682	-119.9385236
17977988088.0881	-112.2878793
17998008008.008	-100.770753
18018027927.9279	-104.0634511
18038047847.8478	-96.72962179
18058067767.7678	-104.8462833
18078087687.6877	-110.6182623
18098107607.6076	-100.3050566
18118127527.5275	-102.0674144
18138147447.4474	-100.7929009
18158167367.3674	-104.0544246
18178187287.2873	-103.8400538
18198207207.2072	-108.4161374
18218227127.1271	-103.2449258
18238247047.047	-99.63779466
18258266966.967	-106.2106937
18278286886.8869	-114.2864626
18298306806.8068	-98.68881146
18318326726.7267	-99.15352097
18338346646.6466	-106.2237617
18358366566.5666	-100.3641502
18378386486.4865	-108.7580408
18398406406.4064	-100.9865202
18418426326.3263	-108.8700671
18438446246.2462	-120.9187758
18458466166.1662	-94.14495222
18478486086.0861	-112.9274998
18498506006.006	-110.825774
18518525925.9259	-109.9825532
18538545845.8458	-105.1620181
18558565765.7658	-98.02279337
18578585685.6857	-98.4041479
18598605605.6056	-100.6731345
18618625525.5255	-114.1995208
18638645445.4454	-98.68614435
18658665365.3654	-100.4607033
18678685285.2853	-98.30152809
18698705205.2052	-97.41799356
18718725125.1251	-104.2571839
18738745045.045	-109.6579978
18758764964.965	-101.3253122
18778784884.8849	-97.80368514
18798804804.8048	-122.3567593
18818824724.7247	-101.5885735
18838844644.6446	-101.5554098
18858864564.5646	-108.779058
18878884484.4845	-106.7325288
18898904404.4044	-100.7590322
18918924324.3243	-107.2393507
18938944244.2442	-101.1318109
18958964164.1642	-109.8313778
18978984084.0841	-122.6130106
18999004004.004	-117.3491323
19019023923.9239	-106.6819127
19039043843.8438	-110.9512312
19059063763.7638	-100.5347896
19079083683.6837	-116.1558916
19099103603.6036	-98.14532891
19119123523.5235	-106.6319785
19139143443.4434	-103.1661284
19159163363.3634	-100.009193
19179183283.2833	-104.4874598
19199203203.2032	-101.0953645
19219223123.1231	-95.85634134
19239243043.043	-101.3456204
19259262962.963	-106.5070514
19279282882.8829	-100.0000756
19299302802.8028	-103.9534625
19319322722.7227	-98.77164791
19339342642.6426	-108.7222916
19359362562.5626	-106.7794158
19379382482.4825	-102.414777
19399402402.4024	-100.8381179
19419422322.3223	-99.02098016
19439442242.2422	-100.850607
19459462162.1622	-109.5331259
19479482082.0821	-102.6171157
19499502002.002	-103.0375177
19519521921.9219	-107.2490042
19539541841.8418	-105.1247162
19559561761.7618	-102.793806
19579581681.6817	-100.9623007
19599601601.6016	-99.14310564
19619621521.5215	-106.9065475
19639641441.4414	-97.89459676
19659661361.3614	-101.8529833
19679681281.2813	-107.3590721
19699701201.2012	-117.5753635
19719721121.1211	-103.4335261
19739741041.041	-110.1817042
19759760960.961	-100.1047658
19779780880.8809	-98.29661844
19799800800.8008	-115.9033838
19819820720.7207	-98.42231788
19839840640.6406	-103.4683176
19859860560.5606	-103.8655214
19879880480.4805	-103.7643597
19899900400.4004	-103.0645217
19919920320.3203	-97.62789874
19939940240.2402	-116.4749183
19959960160.1602	-113.4522395
19979980080.0801	-106.442497
20000000000	-114.8114594
