# S12_frequency_set	VNA_S12_trace
# "S12 frequency"	"S12 magnitude"
# 1000
100000	-20.05987575
20119919.9199199	-52.40623096
40139839.8398398	-52.70717519
60159759.7597598	-53.0863777
80179679.6796797	-53.40424439
100199599.5996	-53.70705966
120219519.51952	-53.99951337
140239439.439439	-54.26168781
160259359.359359	-54.52237654
180279279.279279	-54.76544559
200299199.199199	-54.99720253
220319119.119119	-55.20374184
240339039.039039	-55.4454789
260358958.958959	-55.62866526
280378878.878879	-55.81769354
300398798.798799	-56.0105179
320418718.718719	-56.1887262
340438638.638639	-56.37400379
360458558.558559	-56.5229567
380478478.478478	-56.68084316
400498398.398398	-56.85187806
420518318.318318	-57.00047412
440538238.238238	-57.15482512
460558158.158158	-57.29391948
480578078.078078	-57.41814823
500597997.997998	-57.57723429
520617917.917918	-57.71851006
540637837.837838	-57.84705114
560657757.757758	-57.98981051
580677677.677678	-58.07918086
600697597.597598	-58.21876748
620717517.517517	-58.36784689
640737437.437437	-58.49844496
660757357.357357	-58.58711958
680777277.277277	-58.70762519
700797197.197197	-58.85868982
720817117.117117	-59.0002785
740837037.037037	-59.10782324
760856956.956957	-59.24688188
780876876.876877	-59.33257384
800896796.796797	-59.44210509
820916716.716717	-59.61038708
840936636.636637	-59.67239693
860956556.556557	-59.82159811
880976476.476476	-59.90624083
900996396.396396	-60.00650856
921016316.316316	-60.10849739
941036236.236236	-60.22057258
961056156.156156	-60.35854694
981076076.076076	-60.43501597
1001095995.996	-60.55441135
1021115915.91592	-60.65108956
1041135835.83584	-60.68946491
1061155755.75576	-60.83051535
1081175675.67568	-60.89502577
1101195595.5956	-60.97344927
1121215515.51552	-61.1062865
1141235435.43544	-61.17853518
1161255355.35536	-61.30586421
1181275275.27528	-61.39020569
1201295195.1952	-61.49524867
1221315115.11512	-61.61213273
1241335035.03503	-61.67010188
1261354954.95495	-61.76201388
1281374874.87487	-61.84074032
1301394794.79479	-61.94956713
1321414714.71471	-62.05452824
1341434634.63463	-62.15435754
1361454554.55455	-62.24243589
1381474474.47447	-62.28193583
1401494394.39439	-62.40914859
1421514314.31431	-62.48338616
1441534234.23423	-62.59303499
1461554154.15415	-62.65039893
1481574074.07407	-62.71787798
1501593993.99399	-62.86656134
1521613913.91391	-62.90705789
1541633833.83383	-62.99577395
1561653753.75375	-63.0552265
1581673673.67367	-63.11199434
1601693593.59359	-63.2271668
1621713513.51351	-63.29360215
1641733433.43343	-63.42503339
1661753353.35335	-63.47531981
1681773273.27327	-63.56347451
1701793193.19319	-63.63868281
1721813113.11311	-63.72117379
1741833033.03303	-63.79527653
1761852952.95295	-63.9348669
1781872872.87287	-64.02809763
1801892792.79279	-64.06272865
1821912712.71271	-64.17265057
1841932632.63263	-64.23528308
1861952552.55255	-64.34249674
1881972472.47247	-64.47002959
1901992392.39239	-64.51543937
1922012312.31231	-64.59361549
1942032232.23223	-64.68014814
1962052152.15215	-64.75713135
1982072072.07207	-64.86374515
2002091991.99199	-64.89231161
2022111911.91191	-65.02757804
2042131831.83183	-65.06651876
2062151751.75175	-65.17565939
2082171671.67167	-65.27295789
2102191591.59159	-65.35344811
2122211511.51151	-65.41920881
2142231431.43143	-65.50291455
2162251351.35135	-65.54984014
2182271271.27127	-65.64551837
2202291191.19119	-65.72708655
2222311111.11111	-65.84778356
2242331031.03103	-65.82945105
2262350950.95095	-65.99715336
2282370870.87087	-66.0601826
2302390790.79079	-66.0532711
2322410710.71071	-66.1858492
2342430630.63063	-66.25019416
2362450550.55055	-66.27903488
2382470470.47047	-66.37389539
2402490390.39039	-66.45935474
2422510310.31031	-66.61693586
2442530230.23023	-66.58950699
2462550150.15015	-66.70854634
2482570070.07007	-66.71101374
2502589989.98999	-66.79500596
2522609909.90991	-66.92792549
2542629829.82983	-66.95075152
2562649749.74975	-67.08400317
2582669669.66967	-67.1201025
2602689589.58959	-67.19066355
2622709509.50951	-67.25418488
2642729429.42943	-67.33769912
2662749349.34935	-67.44385711
2682769269.26927	-67.52551509
2702789189.18919	-67.59621945
2722809109.10911	-67.63876907
2742829029.02903	-67.69793187
2762848948.94895	-67.8138898
2782868868.86887	-67.87817204
2802888788.78879	-67.95514732
2822908708.70871	-68.01685072
2842928628.62863	-68.07186433
2862948548.54855	-68.14079042
2882968468.46847	-68.23568258
2902988388.38839	-68.27891253
2923008308.30831	-68.35533916
2943028228.22823	-68.39691584
2963048148.14815	-68.50131347
2983068068.06807	-68.56626353
3003087987.98799	-68.61681094
3023107907.90791	-68.67557377
3043127827.82783	-68.75941104
3063147747.74775	-68.80363374
3083167667.66767	-68.87777374
3103187587.58759	-68.94781348
3123207507.50751	-69.04853676
3143227427.42743	-69.13040223
3163247347.34735	-69.12154169
3183267267.26727	-69.2651639
3203287187.18719	-69.31827209
3223307107.10711	-69.31822584
3243327027.02703	-69.41087136
3263346946.94695	-69.47175926
3283366866.86687	-69.50302796
3303386786.78679	-69.54506632
3323406706.70671	-69.66014025
3343426626.62663	-69.70759709
3363446546.54655	-69.72681044
3383466466.46647	-69.77626399
3403486386.38639	-69.82918874
3423506306.30631	-69.93890476
3443526226.22623	-69.94881707
3463546146.14615	-69.98370198
3483566066.06607	-70.11565579
3503585985.98599	-70.11629486
3523605905.90591	-70.2184123
3543625825.82583	-70.30523468
3563645745.74575	-70.34039796
3583665665.66567	-70.46691743
3603685585.58559	-70.40483059
3623705505.50551	-70.44958143
3643725425.42543	-70.54778608
3663745345.34535	-70.60516165
3683765265.26526	-70.60959193
3703785185.18518	-70.63960388
3723805105.1051	-70.68807769
3743825025.02502	-70.76539419
3763844944.94494	-70.84792415
3783864864.86486	-70.82201805
3803884784.78478	-70.94050096
3823904704.7047	-71.00259816
3843924624.62462	-70.97998327
3863944544.54454	-71.01507759
3883964464.46446	-71.13236306
3903984384.38438	-71.1363314
3924004304.3043	-71.23224418
3944024224.22422	-71.23468207
3964044144.14414	-71.31071878
3984064064.06406	-71.36201835
4004083983.98398	-71.40362457
4024103903.9039	-71.46488841
4044123823.82382	-71.50005613
4064143743.74374	-71.55904099
4084163663.66366	-71.60555983
4104183583.58358	-71.67335585
4124203503.5035	-71.76703839
4144223423.42342	-71.86486723
4164243343.34334	-71.90500793
4184263263.26326	-71.97007223
4204283183.18318	-72.0010958
4224303103.1031	-72.02601289
4244323023.02302	-72.20171575
4264342942.94294	-72.21164954
4284362862.86286	-72.29828352
4304382782.78278	-72.38495877
4324402702.7027	-72.38242295
4344422622.62262	-72.3501025
4364442542.54254	-72.46860351
4384462462.46246	-72.50504361
4404482382.38238	-72.53418475
4424502302.3023	-72.54340463
4444522222.22222	-72.69319142
4464542142.14214	-72.66589031
4484562062.06206	-72.76608234
4504581981.98198	-72.83053707
4524601901.9019	-72.92802404
4544621821.82182	-72.94817459
4564641741.74174	-72.93945363
4584661661.66166	-73.01298637
4604681581.58158	-73.13226886
4624701501.5015	-73.17264477
4644721421.42142	-73.20913484
4664741341.34134	-73.31898932
4684761261.26126	-73.3144027
4704781181.18118	-73.37843188
4724801101.1011	-73.45261204
4744821021.02102	-73.49885248
4764840940.94094	-73.56992253
4784860860.86086	-73.62375294
4804880780.78078	-73.62358889
4824900700.7007	-73.71544037
4844920620.62062	-73.69496045
4864940540.54054	-73.74287006
4884960460.46046	-73.87228757
4904980380.38038	-73.92659079
4925000300.3003	-73.98716087
4945020220.22022	-74.00004908
4965040140.14014	-74.04523695
4985060060.06006	-74.14593031
5005079979.97998	-74.1877292
5025099899.8999	-74.28483748
5045119819.81982	-74.32484556
5065139739.73974	-74.38782318
5085159659.65966	-74.49883302
5105179579.57958	-74.37019079
5125199499.4995	-74.45798564
5145219419.41942	-74.514866
5165239339.33934	-74.41241883
5185259259.25926	-74.61147936
5205279179.17918	-74.66017087
5225299099.0991	-74.75744039
5245319019.01902	-74.68826442
5265338938.93894	-74.76275703
5285358858.85886	-74.83760413
5305378778.77878	-74.81747219
5325398698.6987	-74.94698883
5345418618.61862	-74.91655778
5365438538.53854	-75.13108423
5385458458.45846	-75.10755582
5405478378.37838	-75.11535196
5425498298.2983	-75.18807958
5445518218.21822	-75.22846108
5465538138.13814	-75.30810351
5485558058.05806	-75.38303006
5505577977.97798	-75.48684286
5525597897.8979	-75.58756093
5545617817.81782	-75.46846442
5565637737.73774	-75.68277995
5585657657.65766	-75.60200682
5605677577.57758	-75.71868762
5625697497.4975	-75.71896282
5645717417.41742	-75.65727789
5665737337.33734	-75.7611453
5685757257.25726	-75.84052899
5705777177.17718	-75.98778459
5725797097.0971	-75.90676219
5745817017.01702	-76.08797388
5765836936.93694	-76.00629088
5785856856.85686	-76.09768972
5805876776.77678	-76.266901
5825896696.6967	-76.23660982
5845916616.61662	-76.34438828
5865936536.53654	-76.51104983
5885956456.45646	-76.4609565
5905976376.37638	-76.51137031
5925996296.2963	-76.47966295
5946016216.21622	-76.57597881
5966036136.13614	-76.54384538
5986056056.05606	-76.63216921
6006075975.97598	-76.60618226
6026095895.8959	-76.69296827
6046115815.81582	-76.70887883
6066135735.73574	-76.7564988
6086155655.65566	-76.81754793
6106175575.57558	-76.8998525
6126195495.49549	-76.8584905
6146215415.41541	-77.13106876
6166235335.33533	-77.00635249
6186255255.25525	-77.31220824
6206275175.17517	-77.23032299
6226295095.09509	-77.41684229
6246315015.01501	-77.50947933
6266334934.93493	-77.35374619
6286354854.85485	-77.54356062
6306374774.77477	-77.32396229
6326394694.69469	-77.23830431
6346414614.61461	-77.54637631
6366434534.53453	-77.42001987
6386454454.45445	-77.64459597
6406474374.37437	-77.63696226
6426494294.29429	-77.72844842
6446514214.21421	-77.74598975
6466534134.13413	-77.59131735
6486554054.05405	-77.84237284
6506573973.97397	-77.7713477
6526593893.89389	-77.94527094
6546613813.81381	-77.90969293
6566633733.73373	-78.14830767
6586653653.65365	-78.15473719
6606673573.57357	-78.1405719
6626693493.49349	-78.0911011
6646713413.41341	-78.09471645
6666733333.33333	-78.2612216
6686753253.25325	-78.07224138
6706773173.17317	-78.02885277
6726793093.09309	-78.25490164
6746813013.01301	-78.15942452
6766832932.93293	-78.29662476
6786852852.85285	-78.14474641
6806872772.77277	-78.22327949
6826892692.69269	-78.41968646
6846912612.61261	-78.35123507
6866932532.53253	-78.50511967
6886952452.45245	-78.49716102
6906972372.37237	-78.61543163
6926992292.29229	-78.46582245
6947012212.21221	-78.59150179
6967032132.13213	-78.63926216
6987052052.05205	-78.6138549
7007071971.97197	-78.64538288
7027091891.89189	-78.78760731
7047111811.81181	-78.92653943
7067131731.73173	-78.90957584
7087151651.65165	-78.95097117
7107171571.57157	-78.86686859
7127191491.49149	-78.91194471
7147211411.41141	-78.9810804
7167231331.33133	-79.04172889
7187251251.25125	-79.23825538
7207271171.17117	-79.2805309
7227291091.09109	-79.23513511
7247311011.01101	-79.34406501
7267330930.93093	-79.17240278
7287350850.85085	-79.40317022
7307370770.77077	-79.55361848
7327390690.69069	-79.42205128
7347410610.61061	-79.78009914
7367430530.53053	-79.52115647
7387450450.45045	-79.75796893
7407470370.37037	-80.06889978
7427490290.29029	-79.72937853
7447510210.21021	-80.004791
7467530130.13013	-79.55681569
7487550050.05005	-79.88201199
7507569969.96997	-79.67550678
7527589889.88989	-79.85030296
7547609809.80981	-79.99267754
7567629729.72973	-79.68579192
7587649649.64965	-80.15803084
7607669569.56957	-79.9818579
7627689489.48949	-80.14177035
7647709409.40941	-80.10307149
7667729329.32933	-80.05764507
7687749249.24925	-80.19058291
7707769169.16917	-80.35256092
7727789089.08909	-80.33805894
7747809009.00901	-80.38089282
7767828928.92893	-80.409862
7787848848.84885	-80.46802253
7807868768.76877	-80.14348309
7827888688.68869	-80.4367154
7847908608.60861	-80.56446914
7867928528.52853	-80.62023762
7887948448.44845	-80.75081186
7907968368.36837	-80.46881396
7927988288.28829	-80.97255346
7948008208.20821	-80.92337332
7968028128.12813	-80.62505382
7988048048.04805	-81.00432711
8008067967.96797	-80.86144911
8028087887.88789	-80.74003982
8048107807.80781	-80.8539185
8068127727.72773	-80.94655294
8088147647.64765	-80.92786069
8108167567.56757	-80.61551053
8128187487.48749	-80.98621971
8148207407.40741	-81.07285536
8168227327.32733	-81.06230695
8188247247.24725	-80.95270443
8208267167.16717	-81.12531529
8228287087.08709	-81.31545625
8248307007.00701	-81.17210101
8268326926.92693	-81.20422167
8288346846.84685	-81.12466611
8308366766.76677	-81.25469063
8328386686.68669	-81.06156927
8348406606.60661	-81.44052779
8368426526.52653	-81.41338353
8388446446.44645	-81.29860296
8408466366.36637	-81.53333404
8428486286.28629	-81.50521222
8448506206.20621	-81.5982597
8468526126.12613	-81.4932063
8488546046.04605	-81.57657385
8508565965.96597	-81.84515385
8528585885.88589	-81.84380935
8548605805.80581	-81.63260859
8568625725.72573	-81.99751088
8588645645.64565	-81.92616579
8608665565.56557	-82.10146661
8628685485.48549	-81.82804365
8648705405.40541	-81.94473214
8668725325.32533	-81.97145615
8688745245.24524	-81.99641912
8708765165.16516	-81.97327173
8728785085.08508	-82.06212902
8748805005.005	-82.3186027
8768824924.92492	-82.07377838
8788844844.84484	-82.24271319
8808864764.76476	-82.24608328
8828884684.68468	-82.40455278
8848904604.6046	-82.54472965
8868924524.52452	-82.53239183
8888944444.44444	-82.48224599
8908964364.36436	-82.73329325
8928984284.28428	-82.61942235
8949004204.2042	-82.75119403
8969024124.12412	-82.37472857
8989044044.04404	-82.90038157
9009063963.96396	-82.68346975
9029083883.88388	-82.74918103
9049103803.8038	-82.73935886
9069123723.72372	-82.90292167
9089143643.64364	-83.04185322
9109163563.56356	-83.02696735
9129183483.48348	-82.81960685
9149203403.4034	-82.6561955
9169223323.32332	-82.81750197
9189243243.24324	-83.10421582
9209263163.16316	-82.85041316
9229283083.08308	-83.07536676
9249303003.003	-83.15953344
9269322922.92292	-83.18949754
9289342842.84284	-83.2535627
9309362762.76276	-83.30264079
9329382682.68268	-83.55026816
9349402602.6026	-83.25537478
9369422522.52252	-83.44056711
9389442442.44244	-83.61489521
9409462362.36236	-83.07101454
9429482282.28228	-83.34374802
9449502202.2022	-83.42024018
9469522122.12212	-83.29870143
9489542042.04204	-83.58966941
9509561961.96196	-83.57959289
9529581881.88188	-83.89927457
9549601801.8018	-83.73589461
9569621721.72172	-83.53236641
9589641641.64164	-83.82461442
9609661561.56156	-83.65928832
9629681481.48148	-83.62876697
9649701401.4014	-83.70084612
9669721321.32132	-83.85652135
9689741241.24124	-84.26520819
9709761161.16116	-84.31563287
9729781081.08108	-84.4418802
9749801001.001	-83.96437393
9769820920.92092	-83.93936452
9789840840.84084	-84.28092716
9809860760.76076	-83.69596545
9829880680.68068	-84.26384461
9849900600.6006	-84.17392501
9869920520.52052	-84.38766484
9889940440.44044	-84.4652427
9909960360.36036	-84.40199204
9929980280.28028	-84.61786849
9950000200.2002	-84.37293827
9970020120.12012	-84.41051243
9990040040.04004	-84.45603736
10010059959.96	-84.37687113
10030079879.8799	-84.4537847
10050099799.7998	-84.7599805
10070119719.7197	-84.81450562
10090139639.6396	-84.58406793
10110159559.5596	-84.76091279
10130179479.4795	-84.7546286
10150199399.3994	-85.14842429
10170219319.3193	-85.25974559
10190239239.2392	-84.9922233
10210259159.1592	-85.3291594
10230279079.0791	-85.11308583
10250298998.999	-85.28250466
10270318918.9189	-85.27519806
10290338838.8388	-85.30205511
10310358758.7588	-85.31625265
10330378678.6787	-85.14787993
10350398598.5986	-85.51765053
10370418518.5185	-85.37842122
10390438438.4384	-85.18102419
10410458358.3584	-85.63764786
10430478278.2783	-86.02057424
10450498198.1982	-85.3981422
10470518118.1181	-85.76999669
10490538038.038	-85.73643866
10510557957.958	-85.43755985
10530577877.8779	-85.6862323
10550597797.7978	-85.72581097
10570617717.7177	-85.40468443
10590637637.6376	-85.85992186
10610657557.5576	-86.08227077
10630677477.4775	-86.03752665
10650697397.3974	-86.06596636
10670717317.3173	-85.86413106
10690737237.2372	-85.71684677
10710757157.1572	-86.09625381
10730777077.0771	-86.20554364
10750796996.997	-85.6147802
10770816916.9169	-85.97853103
10790836836.8368	-86.47175442
10810856756.7568	-86.63578767
10830876676.6767	-86.14765112
10850896596.5966	-86.00326407
10870916516.5165	-86.27795358
10890936436.4364	-85.92041252
10910956356.3564	-86.54782658
10930976276.2763	-86.52403152
10950996196.1962	-86.56583948
10971016116.1161	-86.77221279
10991036036.036	-86.25957381
11011055955.956	-86.76461409
11031075875.8759	-86.66813752
11051095795.7958	-87.06223541
11071115715.7157	-86.49863747
11091135635.6356	-86.5044259
11111155555.5556	-86.84030746
11131175475.4755	-87.2088341
11151195395.3954	-87.34483401
11171215315.3153	-86.88830295
11191235235.2352	-87.26917884
11211255155.1552	-87.10673857
11231275075.0751	-86.93476009
11251294994.995	-86.98262038
11271314914.9149	-86.92115279
11291334834.8348	-87.35610414
11311354754.7548	-87.0692651
11331374674.6747	-87.2270232
11351394594.5946	-87.29676577
11371414514.5145	-87.43883873
11391434434.4344	-87.02828719
11411454354.3544	-87.29529754
11431474274.2743	-87.41884081
11451494194.1942	-87.03622059
11471514114.1141	-87.73969632
11491534034.034	-87.58943272
11511553953.954	-87.24274996
11531573873.8739	-87.23073608
11551593793.7938	-87.46935629
11571613713.7137	-87.36031913
11591633633.6336	-87.78338845
11611653553.5536	-87.70942614
11631673473.4735	-87.5949748
11651693393.3934	-87.35010995
11671713313.3133	-88.24837707
11691733233.2332	-87.99852917
11711753153.1532	-88.03861572
11731773073.0731	-87.65527972
11751792992.993	-88.03087083
11771812912.9129	-88.11679014
11791832832.8328	-88.37967476
11811852752.7528	-88.10332082
11831872672.6727	-87.96724862
11851892592.5926	-88.3605393
11871912512.5125	-88.28759234
11891932432.4324	-88.38805439
11911952352.3524	-88.25869125
11931972272.2723	-88.47366377
11951992192.1922	-88.2092074
11972012112.1121	-87.85987263
11992032032.032	-88.28405677
12012051951.952	-88.35771458
12032071871.8719	-88.45767053
12052091791.7918	-88.10120826
12072111711.7117	-88.12959902
12092131631.6316	-89.32042441
12112151551.5516	-88.83378069
12132171471.4715	-89.04886426
12152191391.3914	-88.76802445
12172211311.3113	-88.63843875
12192231231.2312	-89.09867928
12212251151.1512	-88.71096885
12232271071.0711	-89.17984468
12252290990.991	-89.04693415
12272310910.9109	-88.77119498
12292330830.8308	-88.67924269
12312350750.7507	-88.70030954
12332370670.6707	-89.21919853
12352390590.5906	-89.06014602
12372410510.5105	-89.11310601
12392430430.4304	-88.84929494
12412450350.3503	-89.02640749
12432470270.2703	-89.28952424
12452490190.1902	-89.61336716
12472510110.1101	-89.26071333
12492530030.03	-89.71947003
12512549949.9499	-88.48361841
12532569869.8699	-88.80300496
12552589789.7898	-89.60538298
12572609709.7097	-89.50886571
12592629629.6296	-89.77200015
12612649549.5495	-89.14390648
12632669469.4695	-89.78296255
12652689389.3894	-89.26616613
12672709309.3093	-89.19427361
12692729229.2292	-89.49521383
12712749149.1491	-89.79246144
12732769069.0691	-89.30709409
12752788988.989	-89.72304818
12772808908.9089	-89.8263539
12792828828.8288	-89.8031692
12812848748.7487	-90.10101963
12832868668.6687	-89.9991587
12852888588.5886	-90.08553734
12872908508.5085	-89.31163338
12892928428.4284	-89.58873808
12912948348.3483	-89.72327998
12932968268.2683	-90.3656647
12952988188.1882	-89.05177808
12973008108.1081	-90.05592992
12993028028.028	-90.16476127
13013047947.9479	-90.1532468
13033067867.8679	-89.36058067
13053087787.7878	-89.97981783
13073107707.7077	-90.14241158
13093127627.6276	-90.53922077
13113147547.5475	-90.91290214
13133167467.4675	-89.73575234
13153187387.3874	-90.56810768
13173207307.3073	-90.41349411
13193227227.2272	-90.09388476
13213247147.1471	-89.48765166
13233267067.0671	-90.35758384
13253286986.987	-90.31761408
13273306906.9069	-89.90280458
13293326826.8268	-90.55430124
13313346746.7467	-91.9170641
13333366666.6667	-90.85707553
13353386586.5866	-89.74037099
13373406506.5065	-90.10618919
13393426426.4264	-89.78810646
13413446346.3463	-89.91647648
13433466266.2663	-90.3543359
13453486186.1862	-90.2675268
13473506106.1061	-89.54507028
13493526026.026	-90.49796758
13513545945.9459	-90.41690031
13533565865.8659	-91.12178419
13553585785.7858	-89.97057718
13573605705.7057	-90.8558834
13593625625.6256	-91.29159022
13613645545.5455	-90.02757123
13633665465.4655	-91.26102809
13653685385.3854	-90.59263913
13673705305.3053	-89.8396443
13693725225.2252	-90.24854776
13713745145.1451	-91.02567177
13733765065.0651	-90.5600665
13753784984.985	-90.35016461
13773804904.9049	-91.41246215
13793824824.8248	-90.06995913
13813844744.7447	-89.91507772
13833864664.6647	-90.66163745
13853884584.5846	-91.64438389
13873904504.5045	-91.29430368
13893924424.4244	-91.50088344
13913944344.3443	-91.00071909
13933964264.2643	-91.51856571
13953984184.1842	-90.77385078
13974004104.1041	-91.28349447
13994024024.024	-91.18111646
14014043943.9439	-91.04318045
14034063863.8639	-90.81461652
14054083783.7838	-91.52466224
14074103703.7037	-91.38797362
14094123623.6236	-92.84022536
14114143543.5435	-91.45600353
14134163463.4635	-91.16488684
14154183383.3834	-91.18250755
14174203303.3033	-91.80687843
14194223223.2232	-91.54860878
14214243143.1431	-91.57113239
14234263063.0631	-90.813297
14254282982.983	-91.89499895
14274302902.9029	-91.94419399
14294322822.8228	-91.38623088
14314342742.7427	-91.8554939
14334362662.6627	-91.34939624
14354382582.5826	-92.49969637
14374402502.5025	-91.77317266
14394422422.4224	-91.96979977
14414442342.3423	-91.93280237
14434462262.2623	-92.60562322
14454482182.1822	-92.0029467
14474502102.1021	-92.19080132
14494522022.022	-92.62337411
14514541941.9419	-92.63655707
14534561861.8619	-92.29340747
14554581781.7818	-92.43394221
14574601701.7017	-92.54342901
14594621621.6216	-92.71003694
14614641541.5415	-92.71862083
14634661461.4615	-91.80283111
14654681381.3814	-92.38400039
14674701301.3013	-93.01984297
14694721221.2212	-92.62378366
14714741141.1411	-91.63005101
14734761061.0611	-91.98318978
14754780980.981	-92.34915655
14774800900.9009	-93.01073962
14794820820.8208	-92.060103
14814840740.7407	-92.09841646
14834860660.6607	-91.92173125
14854880580.5806	-93.05458729
14874900500.5005	-92.79708139
14894920420.4204	-91.51977782
14914940340.3403	-92.83331539
14934960260.2603	-92.99310842
14954980180.1802	-92.92727318
14975000100.1001	-92.8969755
14995020020.02	-91.88600733
15015039939.9399	-92.84671368
15035059859.8599	-92.5207682
15055079779.7798	-94.40560788
15075099699.6997	-92.65846957
15095119619.6196	-92.49995618
15115139539.5395	-93.40004583
15135159459.4595	-93.64527062
15155179379.3794	-92.902283
15175199299.2993	-92.81820486
15195219219.2192	-93.33440983
15215239139.1391	-92.1652174
15235259059.0591	-92.65501585
15255278978.979	-93.59429177
15275298898.8989	-93.55541672
15295318818.8188	-93.40889412
15315338738.7387	-93.13182191
15335358658.6587	-93.22318014
15355378578.5786	-93.27911272
15375398498.4985	-92.47150703
15395418418.4184	-92.9180468
15415438338.3383	-92.61656604
15435458258.2583	-92.86918835
15455478178.1782	-93.09322682
15475498098.0981	-93.89510403
15495518018.018	-94.0032608
15515537937.9379	-94.67163516
15535557857.8579	-93.23406899
15555577777.7778	-93.58537831
15575597697.6977	-94.36037769
15595617617.6176	-94.18280866
15615637537.5375	-93.90082273
15635657457.4575	-93.87230268
15655677377.3774	-93.58220477
15675697297.2973	-93.93120831
15695717217.2172	-94.97421114
15715737137.1371	-94.81523943
15735757057.0571	-93.26167241
15755776976.977	-94.34968472
15775796896.8969	-93.83238381
15795816816.8168	-93.17296037
15815836736.7367	-93.85530009
15835856656.6567	-94.58895388
15855876576.5766	-94.7533155
15875896496.4965	-93.81311273
15895916416.4164	-93.7618993
15915936336.3363	-95.45067077
15935956256.2563	-93.51859563
15955976176.1762	-94.16766096
15975996096.0961	-93.97338507
15996016016.016	-94.02626209
16016035935.9359	-93.76103368
16036055855.8559	-94.48521028
16056075775.7758	-94.78572263
16076095695.6957	-93.5335803
16096115615.6156	-94.1336847
16116135535.5355	-94.85710449
16136155455.4555	-94.24219132
16156175375.3754	-95.18182291
16176195295.2953	-94.86459497
16196215215.2152	-94.76061931
16216235135.1351	-94.81771436
16236255055.0551	-95.83585898
16256274974.975	-95.38398314
16276294894.8949	-94.80861201
16296314814.8148	-94.71093075
16316334734.7347	-94.5194499
16336354654.6547	-95.31738843
16356374574.5746	-94.9433231
16376394494.4945	-95.6142124
16396414414.4144	-94.6154366
16416434334.3343	-94.37091716
16436454254.2543	-95.5116712
16456474174.1742	-96.43712286
16476494094.0941	-95.2958919
16496514014.014	-94.90152708
16516533933.9339	-94.4897669
16536553853.8539	-95.41106853
16556573773.7738	-95.93942516
16576593693.6937	-94.88860016
16596613613.6136	-95.04978191
16616633533.5335	-94.73117999
16636653453.4535	-95.62512991
16656673373.3734	-95.68400278
16676693293.2933	-96.98638554
16696713213.2132	-96.74310882
16716733133.1331	-94.88678134
16736753053.0531	-94.87224892
16756772972.973	-95.33555994
16776792892.8929	-94.78517431
16796812812.8128	-95.55962756
16816832732.7327	-95.46346988
16836852652.6527	-95.91875013
16856872572.5726	-95.37390619
16876892492.4925	-93.95786335
16896912412.4124	-94.44080201
16916932332.3323	-96.60883427
16936952252.2523	-95.49815664
16956972172.1722	-96.15122943
16976992092.0921	-96.4798869
16997012012.012	-96.66923091
17017031931.9319	-97.57093297
17037051851.8519	-94.88444543
17057071771.7718	-95.48676242
17077091691.6917	-96.36515893
17097111611.6116	-95.44948021
17117131531.5315	-95.56272185
17137151451.4515	-97.15924791
17157171371.3714	-96.90691407
17177191291.2913	-95.32119675
17197211211.2112	-96.25014953
17217231131.1311	-96.09803477
17237251051.0511	-95.97140734
17257270970.971	-95.64683616
17277290890.8909	-97.6321102
17297310810.8108	-95.40880768
17317330730.7307	-98.33666995
17337350650.6507	-96.76765709
17357370570.5706	-98.23761316
17377390490.4905	-97.59947167
17397410410.4104	-96.49354666
17417430330.3303	-95.90608285
17437450250.2502	-98.50128667
17457470170.1702	-96.07001736
17477490090.0901	-95.78519574
17497510010.01	-99.04774899
17517529929.9299	-97.58100722
17537549849.8498	-97.3752217
17557569769.7698	-99.14418398
17577589689.6897	-97.30778817
17597609609.6096	-98.18959537
17617629529.5295	-96.35949711
17637649449.4494	-97.00064832
17657669369.3694	-96.21114987
17677689289.2893	-97.23618276
17697709209.2092	-98.60145822
17717729129.1291	-98.1639353
17737749049.049	-101.0988653
17757768968.969	-97.46874682
17777788888.8889	-95.83777352
17797808808.8088	-98.48143196
17817828728.7287	-99.79216431
17837848648.6486	-99.62050463
17857868568.5686	-101.4880144
17877888488.4885	-98.7394267
17897908408.4084	-96.49662637
17917928328.3283	-97.53574484
17937948248.2482	-96.8834534
17957968168.1682	-98.3264346
17977988088.0881	-97.14632682
17998008008.008	-98.36005955
18018027927.9279	-98.0955247
18038047847.8478	-99.47458105
18058067767.7678	-98.75776159
18078087687.6877	-98.66137362
18098107607.6076	-99.57186345
18118127527.5275	-96.32889907
18138147447.4474	-98.45806754
18158167367.3674	-96.34870303
18178187287.2873	-97.82044248
18198207207.2072	-97.10228623
18218227127.1271	-97.15439858
18238247047.047	-98.40716975
18258266966.967	-96.84525645
18278286886.8869	-96.24942851
18298306806.8068	-98.94512019
18318326726.7267	-97.3058053
18338346646.6466	-98.57588135
18358366566.5666	-96.62180631
18378386486.4865	-99.45959297
18398406406.4064	-97.92510479
18418426326.3263	-96.77419215
18438446246.2462	-99.76045732
18458466166.1662	-97.23529588
18478486086.0861	-98.31810918
18498506006.006	-95.813499
18518525925.9259	-98.92730525
18538545845.8458	-100.0209866
18558565765.7658	-102.6804401
18578585685.6857	-99.72556244
18598605605.6056	-100.0956336
18618625525.5255	-100.0777702
18638645445.4454	-99.0032841
18658665365.3654	-97.92971356
18678685285.2853	-97.87497168
18698705205.2052	-95.57699662
18718725125.1251	-96.8613495
18738745045.045	-100.4905083
18758764964.965	-97.56347657
18778784884.8849	-97.69562783
18798804804.8048	-99.60110988
18818824724.7247	-99.89698092
18838844644.6446	-99.19241242
18858864564.5646	-98.15230029
18878884484.4845	-97.70096813
18898904404.4044	-97.1396886
18918924324.3243	-99.98425333
18938944244.2442	-96.99770446
18958964164.1642	-96.48267612
18978984084.0841	-97.59653075
18999004004.004	-102.3207001
19019023923.9239	-98.14636355
19039043843.8438	-99.04086488
19059063763.7638	-96.77725503
19079083683.6837	-97.94261988
19099103603.6036	-97.5537257
19119123523.5235	-99.94715172
19139143443.4434	-97.86620461
19159163363.3634	-101.0333285
19179183283.2833	-99.25255786
19199203203.2032	-100.0200557
19219223123.1231	-98.55397704
19239243043.043	-101.0112434
19259262962.963	-97.89148932
19279282882.8829	-98.75784195
19299302802.8028	-102.4698654
19319322722.7227	-97.72959264
19339342642.6426	-97.38010091
19359362562.5626	-99.74391335
19379382482.4825	-96.99712879
19399402402.4024	-98.01848886
19419422322.3223	-102.4128184
19439442242.2422	-101.1192712
19459462162.1622	-98.15094562
19479482082.0821	-102.1160968
19499502002.002	-100.8189874
19519521921.9219	-99.76463544
19539541841.8418	-99.81120361
19559561761.7618	-97.64399367
19579581681.6817	-98.62187935
19599601601.6016	-101.379821
19619621521.5215	-100.6809852
19639641441.4414	-101.1545829
19659661361.3614	-99.15869573
19679681281.2813	-97.03676157
19699701201.2012	-97.81798364
19719721121.1211	-99.89990262
19739741041.041	-102.6117893
19759760960.961	-97.86588268
19779780880.8809	-100.0439303
19799800800.8008	-101.5648297
19819820720.7207	-98.98862858
19839840640.6406	-101.4676088
19859860560.5606	-102.2011016
19879880480.4805	-99.18978982
19899900400.4004	-101.1376507
19919920320.3203	-101.0616145
19939940240.2402	-98.95222179
19959960160.1602	-99.60824223
19979980080.0801	-102.7100378
20000000000	-99.78951986
