# S21_frequency_set	VNA_S21_trace
# "S21 frequency"	"S21 magnitude"
# 1000
100000	-11.01862833
20119919.9199199	-14.58619737
40139839.8398398	-15.61923572
60159759.7597598	-15.32494291
80179679.6796797	-15.06150194
100199599.5996	-16.12813279
120219519.51952	-20.03582884
140239439.439439	-24.2030222
160259359.359359	-27.69559259
180279279.279279	-29.94720002
200299199.199199	-31.94781366
220319119.119119	-34.4300705
240339039.039039	-33.76511219
260358958.958959	-31.30781425
280378878.878879	-25.17328814
300398798.798799	-28.26941711
320418718.718719	-35.71465192
340438638.638639	-43.02356352
360458558.558559	-47.31059422
380478478.478478	-47.46792731
400498398.398398	-41.25628468
420518318.318318	-41.25131585
440538238.238238	-41.66546303
460558158.158158	-40.74544684
480578078.078078	-45.87370575
500597997.997998	-55.65681553
520617917.917918	-51.17268267
540637837.837838	-56.20358722
560657757.757758	-45.69046338
580677677.677678	-57.12887643
600697597.597598	-51.40074993
620717517.517517	-56.3856489
640737437.437437	-52.71581858
660757357.357357	-50.62926927
680777277.277277	-53.68180955
700797197.197197	-64.82106812
720817117.117117	-54.27113732
740837037.037037	-51.64146756
760856956.956957	-55.04771669
780876876.876877	-55.49479869
800896796.796797	-50.2128481
820916716.716717	-72.11520245
840936636.636637	-60.24008459
860956556.556557	-61.1960655
880976476.476476	-44.77348748
900996396.396396	-49.50149417
921016316.316316	-46.9758902
941036236.236236	-55.09454427
961056156.156156	-63.69297853
981076076.076076	-49.96490815
1001095995.996	-48.23905386
1021115915.91592	-49.43157971
1041135835.83584	-55.40224773
1061155755.75576	-53.79097422
1081175675.67568	-53.86456121
1101195595.5956	-53.52729162
1121215515.51552	-53.21105071
1141235435.43544	-48.85111075
1161255355.35536	-56.52909275
1181275275.27528	-54.58639314
1201295195.1952	-46.29605193
1221315115.11512	-43.0426128
1241335035.03503	-38.12029366
1261354954.95495	-41.55418338
1281374874.87487	-38.75422138
1301394794.79479	-37.65027596
1321414714.71471	-37.86997222
1341434634.63463	-37.15074485
1361454554.55455	-35.24812635
1381474474.47447	-37.72876564
1401494394.39439	-34.35385925
1421514314.31431	-33.69264885
1441534234.23423	-33.60230868
1461554154.15415	-33.84895684
1481574074.07407	-32.70716572
1501593993.99399	-33.21672217
1521613913.91391	-33.78097073
1541633833.83383	-34.77131938
1561653753.75375	-33.79667861
1581673673.67367	-32.15766773
1601693593.59359	-31.74441843
1621713513.51351	-32.69567333
1641733433.43343	-32.73279985
1661753353.35335	-31.26756707
1681773273.27327	-31.07993488
1701793193.19319	-30.75088353
1721813113.11311	-30.63136086
1741833033.03303	-30.2401833
1761852952.95295	-29.85778127
1781872872.87287	-29.82604586
1801892792.79279	-29.23310981
1821912712.71271	-29.10753712
1841932632.63263	-29.50426299
1861952552.55255	-28.9855045
1881972472.47247	-28.98576465
1901992392.39239	-29.05552737
1922012312.31231	-29.27714365
1942032232.23223	-28.82199935
1962052152.15215	-28.99916057
1982072072.07207	-29.6577944
2002091991.99199	-29.08070603
2022111911.91191	-28.94772305
2042131831.83183	-29.10527126
2062151751.75175	-28.77840807
2082171671.67167	-29.1588866
2102191591.59159	-28.79186446
2122211511.51151	-28.67315991
2142231431.43143	-29.05641802
2162251351.35135	-28.64671166
2182271271.27127	-28.54305147
2202291191.19119	-28.40468564
2222311111.11111	-28.65535269
2242331031.03103	-28.59543148
2262350950.95095	-28.6746375
2282370870.87087	-28.89092817
2302390790.79079	-28.67081083
2322410710.71071	-29.0018427
2342430630.63063	-28.89412411
2362450550.55055	-28.14243595
2382470470.47047	-28.2877286
2402490390.39039	-28.62879028
2422510310.31031	-28.49037727
2442530230.23023	-28.9903365
2462550150.15015	-28.64469964
2482570070.07007	-28.55687882
2502589989.98999	-29.29690414
2522609909.90991	-29.41559539
2542629829.82983	-29.17215357
2562649749.74975	-28.92298022
2582669669.66967	-29.49049935
2602689589.58959	-29.42486148
2622709509.50951	-29.38296218
2642729429.42943	-30.38366885
2662749349.34935	-29.35996473
2682769269.26927	-29.44605423
2702789189.18919	-29.9896618
2722809109.10911	-29.69779549
2742829029.02903	-29.66634064
2762848948.94895	-29.85714574
2782868868.86887	-29.82216156
2802888788.78879	-29.52498324
2822908708.70871	-30.07423145
2842928628.62863	-30.31523784
2862948548.54855	-29.73704957
2882968468.46847	-29.96129605
2902988388.38839	-29.89691027
2923008308.30831	-29.885817
2943028228.22823	-30.31040813
2963048148.14815	-30.29724369
2983068068.06807	-31.19907297
3003087987.98799	-30.85854358
3023107907.90791	-30.51917249
3043127827.82783	-30.44879315
3063147747.74775	-30.81262013
3083167667.66767	-30.24190039
3103187587.58759	-30.98314452
3123207507.50751	-31.65220597
3143227427.42743	-30.97505682
3163247347.34735	-31.27681627
3183267267.26727	-30.9819865
3203287187.18719	-31.42357099
3223307107.10711	-31.13446614
3243327027.02703	-31.04441064
3263346946.94695	-30.63385153
3283366866.86687	-31.47851361
3303386786.78679	-31.58279489
3323406706.70671	-31.03783191
3343426626.62663	-31.65942632
3363446546.54655	-32.42230976
3383466466.46647	-31.70637042
3403486386.38639	-32.13044027
3423506306.30631	-31.73662959
3443526226.22623	-31.63676563
3463546146.14615	-32.48718876
3483566066.06607	-32.35502977
3503585985.98599	-32.16660993
3523605905.90591	-32.49614463
3543625825.82583	-32.51200526
3563645745.74575	-31.68699919
3583665665.66567	-31.99742501
3603685585.58559	-33.0088174
3623705505.50551	-32.61999263
3643725425.42543	-32.10870808
3663745345.34535	-33.14183888
3683765265.26526	-32.6356387
3703785185.18518	-32.64797829
3723805105.1051	-32.69241208
3743825025.02502	-33.13168269
3763844944.94494	-32.35479385
3783864864.86486	-32.62236099
3803884784.78478	-32.72672151
3823904704.7047	-33.88451438
3843924624.62462	-33.98025925
3863944544.54454	-33.34441512
3883964464.46446	-32.97796126
3903984384.38438	-32.67104373
3924004304.3043	-33.27349222
3944024224.22422	-34.00760888
3964044144.14414	-33.71694113
3984064064.06406	-32.64460842
4004083983.98398	-33.43270977
4024103903.9039	-34.12560648
4044123823.82382	-33.59442076
4064143743.74374	-33.1005778
4084163663.66366	-34.43846788
4104183583.58358	-34.172972
4124203503.5035	-33.83047173
4144223423.42342	-33.26524365
4164243343.34334	-34.2828672
4184263263.26326	-33.92547857
4204283183.18318	-35.04325096
4224303103.1031	-34.36008841
4244323023.02302	-34.01500735
4264342942.94294	-34.25970538
4284362862.86286	-33.74705843
4304382782.78278	-34.82750474
4324402702.7027	-34.89379776
4344422622.62262	-34.34080181
4364442542.54254	-33.92136695
4384462462.46246	-34.4311628
4404482382.38238	-34.21626328
4424502302.3023	-34.78380613
4444522222.22222	-34.96837295
4464542142.14214	-34.31708057
4484562062.06206	-34.68712372
4504581981.98198	-34.78709607
4524601901.9019	-35.18303116
4544621821.82182	-34.99660125
4564641741.74174	-34.83606888
4584661661.66166	-35.16098096
4604681581.58158	-34.92599586
4624701501.5015	-34.81170794
4644721421.42142	-35.27657026
4664741341.34134	-37.29441814
4684761261.26126	-35.34207136
4704781181.18118	-35.78564574
4724801101.1011	-35.60048238
4744821021.02102	-35.77813945
4764840940.94094	-35.2780677
4784860860.86086	-35.37727901
4804880780.78078	-36.10285584
4824900700.7007	-35.62215137
4844920620.62062	-36.3418172
4864940540.54054	-35.65174677
4884960460.46046	-36.31238157
4904980380.38038	-35.72085513
4925000300.3003	-35.68863183
4945020220.22022	-35.58669984
4965040140.14014	-37.06696487
4985060060.06006	-36.19970694
5005079979.97998	-35.87299925
5025099899.8999	-36.36749298
5045119819.81982	-36.076186
5065139739.73974	-36.4696521
5085159659.65966	-36.72916559
5105179579.57958	-36.95194007
5125199499.4995	-36.49267101
5145219419.41942	-36.58078484
5165239339.33934	-36.34916561
5185259259.25926	-36.82702843
5205279179.17918	-37.5629193
5225299099.0991	-36.43825831
5245319019.01902	-36.70037628
5265338938.93894	-36.17219416
5285358858.85886	-36.2845961
5305378778.77878	-37.57154734
5325398698.6987	-37.61198295
5345418618.61862	-36.51040561
5365438538.53854	-37.31985125
5385458458.45846	-37.23513281
5405478378.37838	-36.95049976
5425498298.2983	-36.52787848
5445518218.21822	-38.12236927
5465538138.13814	-39.11127105
5485558058.05806	-37.67611004
5505577977.97798	-37.62394032
5525597897.8979	-38.22395163
5545617817.81782	-37.03585226
5565637737.73774	-37.01865419
5585657657.65766	-37.8350152
5605677577.57758	-40.07647229
5625697497.4975	-37.94760297
5645717417.41742	-37.74480688
5665737337.33734	-38.70765009
5685757257.25726	-38.6532548
5705777177.17718	-38.84570476
5725797097.0971	-38.6902354
5745817017.01702	-37.13151617
5765836936.93694	-38.30863514
5785856856.85686	-38.08242345
5805876776.77678	-40.02385986
5825896696.6967	-38.45228553
5845916616.61662	-37.58262695
5865936536.53654	-39.73234702
5885956456.45646	-38.20335225
5905976376.37638	-37.93882803
5925996296.2963	-37.30653884
5946016216.21622	-37.26774979
5966036136.13614	-38.24531621
5986056056.05606	-40.92474731
6006075975.97598	-39.80952249
6026095895.8959	-38.70406255
6046115815.81582	-38.06644103
6066135735.73574	-38.20595829
6086155655.65566	-40.60199641
6106175575.57558	-38.61519959
6126195495.49549	-38.16123832
6146215415.41541	-39.48326404
6166235335.33533	-38.96385248
6186255255.25525	-39.96765736
6206275175.17517	-41.47882983
6226295095.09509	-40.13666079
6246315015.01501	-40.6322244
6266334934.93493	-39.54063741
6286354854.85485	-37.77916168
6306374774.77477	-38.76420914
6326394694.69469	-38.99431617
6346414614.61461	-39.44653684
6366434534.53453	-39.16534289
6386454454.45445	-38.01798071
6406474374.37437	-37.98167934
6426494294.29429	-40.04674392
6446514214.21421	-40.39077871
6466534134.13413	-41.6818057
6486554054.05405	-40.27141699
6506573973.97397	-39.15182336
6526593893.89389	-40.09287581
6546613813.81381	-40.33775653
6566633733.73373	-41.36732202
6586653653.65365	-39.51080194
6606673573.57357	-40.51676111
6626693493.49349	-40.22204183
6646713413.41341	-39.28667237
6666733333.33333	-41.84682013
6686753253.25325	-42.02392331
6706773173.17317	-39.18696638
6726793093.09309	-40.3881787
6746813013.01301	-40.51818661
6766832932.93293	-40.58225069
6786852852.85285	-41.64732285
6806872772.77277	-41.81495376
6826892692.69269	-40.91196491
6846912612.61261	-42.70079752
6866932532.53253	-40.82385152
6886952452.45245	-41.48410218
6906972372.37237	-41.744973
6926992292.29229	-40.05882548
6947012212.21221	-40.61212724
6967032132.13213	-42.46999526
6987052052.05205	-41.27990801
7007071971.97197	-39.75277007
7027091891.89189	-42.27328076
7047111811.81181	-40.86637793
7067131731.73173	-42.03569966
7087151651.65165	-41.19580924
7107171571.57157	-41.19627138
7127191491.49149	-41.56102932
7147211411.41141	-44.51007297
7167231331.33133	-44.49172465
7187251251.25125	-42.95920512
7207271171.17117	-41.02865661
7227291091.09109	-40.76856607
7247311011.01101	-40.28610046
7267330930.93093	-40.44380619
7287350850.85085	-39.85266587
7307370770.77077	-40.93388817
7327390690.69069	-40.92934498
7347410610.61061	-42.08253637
7367430530.53053	-39.49509679
7387450450.45045	-43.46847625
7407470370.37037	-41.95954872
7427490290.29029	-42.25034036
7447510210.21021	-45.01889917
7467530130.13013	-41.37413359
7487550050.05005	-41.98086861
7507569969.96997	-41.14722519
7527589889.88989	-41.12871189
7547609809.80981	-41.93303406
7567629729.72973	-43.60784571
7587649649.64965	-43.08725831
7607669569.56957	-42.00433483
7627689489.48949	-45.33816051
7647709409.40941	-41.1659106
7667729329.32933	-41.35444399
7687749249.24925	-44.04681133
7707769169.16917	-42.07560429
7727789089.08909	-43.24566338
7747809009.00901	-41.43822416
7767828928.92893	-43.7225994
7787848848.84885	-42.76267268
7807868768.76877	-41.87771258
7827888688.68869	-45.15731309
7847908608.60861	-44.35666661
7867928528.52853	-40.55762405
7887948448.44845	-43.81131081
7907968368.36837	-46.14246387
7927988288.28829	-44.28928735
7948008208.20821	-48.77368699
7968028128.12813	-41.92786703
7988048048.04805	-45.27957475
8008067967.96797	-44.57057009
8028087887.88789	-43.33479558
8048107807.80781	-45.43331982
8068127727.72773	-41.56782575
8088147647.64765	-41.41400778
8108167567.56757	-45.8127363
8128187487.48749	-44.69728204
8148207407.40741	-43.34277846
8168227327.32733	-42.27327974
8188247247.24725	-42.22448114
8208267167.16717	-42.17201868
8228287087.08709	-44.58314169
8248307007.00701	-44.57830562
8268326926.92693	-43.59709727
8288346846.84685	-43.46346502
8308366766.76677	-46.53688895
8328386686.68669	-45.40830284
8348406606.60661	-41.89790845
8368426526.52653	-44.92361074
8388446446.44645	-43.11146534
8408466366.36637	-43.25099415
8428486286.28629	-50.66627265
8448506206.20621	-44.60111536
8468526126.12613	-45.69121665
8488546046.04605	-43.78311368
8508565965.96597	-44.44221488
8528585885.88589	-49.87236477
8548605805.80581	-51.19436276
8568625725.72573	-43.12361622
8588645645.64565	-44.86898974
8608665565.56557	-43.79186486
8628685485.48549	-45.22229283
8648705405.40541	-43.89508406
8668725325.32533	-45.64685586
8688745245.24524	-47.11624291
8708765165.16516	-46.03366587
8728785085.08508	-44.78151232
8748805005.005	-43.81834418
8768824924.92492	-50.85599301
8788844844.84484	-47.78149855
8808864764.76476	-43.83462335
8828884684.68468	-45.6633494
8848904604.6046	-44.50618461
8868924524.52452	-45.0063007
8888944444.44444	-44.65462483
8908964364.36436	-47.08054779
8928984284.28428	-45.00363469
8949004204.2042	-43.66844406
8969024124.12412	-41.67591097
8989044044.04404	-44.74905288
9009063963.96396	-47.11121014
9029083883.88388	-43.00840469
9049103803.8038	-47.4949159
9069123723.72372	-44.46763477
9089143643.64364	-45.40259954
9109163563.56356	-45.7492458
9129183483.48348	-43.26027256
9149203403.4034	-47.42405314
9169223323.32332	-44.55263481
9189243243.24324	-43.34701647
9209263163.16316	-42.70023979
9229283083.08308	-45.58138651
9249303003.003	-46.52878989
9269322922.92292	-46.37725487
9289342842.84284	-46.54258657
9309362762.76276	-45.65088171
9329382682.68268	-47.02478248
9349402602.6026	-44.1945301
9369422522.52252	-48.693595
9389442442.44244	-42.95679801
9409462362.36236	-45.07152394
9429482282.28228	-46.28231717
9449502202.2022	-48.56237083
9469522122.12212	-46.03379823
9489542042.04204	-47.38981567
9509561961.96196	-47.7165349
9529581881.88188	-46.11483329
9549601801.8018	-46.46518709
9569621721.72172	-44.23171939
9589641641.64164	-46.27314725
9609661561.56156	-48.17551744
9629681481.48148	-48.13868833
9649701401.4014	-58.68143569
9669721321.32132	-44.44596478
9689741241.24124	-47.51402375
9709761161.16116	-45.21385493
9729781081.08108	-48.70404283
9749801001.001	-47.248346
9769820920.92092	-51.34581385
9789840840.84084	-47.46251532
9809860760.76076	-45.50776738
9829880680.68068	-54.11349455
9849900600.6006	-51.48990215
9869920520.52052	-44.77001333
9889940440.44044	-48.68219046
9909960360.36036	-45.077663
9929980280.28028	-47.9085268
9950000200.2002	-50.30544273
9970020120.12012	-51.21735016
9990040040.04004	-48.16537981
10010059959.96	-48.18627466
10030079879.8799	-51.43006502
10050099799.7998	-54.42361301
10070119719.7197	-48.65740805
10090139639.6396	-55.69833066
10110159559.5596	-48.76409483
10130179479.4795	-49.9504057
10150199399.3994	-51.90619071
10170219319.3193	-51.79062578
10190239239.2392	-48.1500759
10210259159.1592	-50.07983764
10230279079.0791	-47.39928397
10250298998.999	-60.66631254
10270318918.9189	-55.12995311
10290338838.8388	-51.61434555
10310358758.7588	-54.49118773
10330378678.6787	-51.11511424
10350398598.5986	-51.62714038
10370418518.5185	-48.74093956
10390438438.4384	-52.85354725
10410458358.3584	-53.23579934
10430478278.2783	-59.89151746
10450498198.1982	-53.13468656
10470518118.1181	-63.603734
10490538038.038	-61.67654644
10510557957.958	-54.34598325
10530577877.8779	-63.47092957
10550597797.7978	-65.00420685
10570617717.7177	-59.62033428
10590637637.6376	-58.48252428
10610657557.5576	-61.42918865
10630677477.4775	-56.05875439
10650697397.3974	-54.55360633
10670717317.3173	-53.44575316
10690737237.2372	-58.77431956
10710757157.1572	-52.93742887
10730777077.0771	-52.31892802
10750796996.997	-57.14853181
10770816916.9169	-54.13189938
10790836836.8368	-58.84985345
10810856756.7568	-68.43124044
10830876676.6767	-56.87231522
10850896596.5966	-57.57284658
10870916516.5165	-55.63964897
10890936436.4364	-54.9574574
10910956356.3564	-55.48539893
10930976276.2763	-57.97057782
10950996196.1962	-57.92714009
10971016116.1161	-51.21784585
10991036036.036	-57.91772729
11011055955.956	-53.27230051
11031075875.8759	-50.57761677
11051095795.7958	-55.25795629
11071115715.7157	-57.86086187
11091135635.6356	-65.45661669
11111155555.5556	-61.96368286
11131175475.4755	-74.26987506
11151195395.3954	-60.41599268
11171215315.3153	-54.77514617
11191235235.2352	-57.12908962
11211255155.1552	-67.30996876
11231275075.0751	-52.63147144
11251294994.995	-62.75750353
11271314914.9149	-50.60860563
11291334834.8348	-56.35009601
11311354754.7548	-71.27538204
11331374674.6747	-54.9885071
11351394594.5946	-59.19627382
11371414514.5145	-55.66739986
11391434434.4344	-49.85782384
11411454354.3544	-64.56248005
11431474274.2743	-59.8807028
11451494194.1942	-59.46974087
11471514114.1141	-55.53652431
11491534034.034	-57.40494883
11511553953.954	-52.69888245
11531573873.8739	-53.90557036
11551593793.7938	-59.74819355
11571613713.7137	-63.99662572
11591633633.6336	-51.12617615
11611653553.5536	-62.50257362
11631673473.4735	-51.89871543
11651693393.3934	-50.55907263
11671713313.3133	-54.81805363
11691733233.2332	-59.72070665
11711753153.1532	-51.72014264
11731773073.0731	-60.99896331
11751792992.993	-71.84227685
11771812912.9129	-49.42045079
11791832832.8328	-51.68241031
11811852752.7528	-49.9130626
11831872672.6727	-54.8916893
11851892592.5926	-58.4665089
11871912512.5125	-53.09895834
11891932432.4324	-55.19451802
11911952352.3524	-65.25444653
11931972272.2723	-60.49710426
11951992192.1922	-62.17291114
11972012112.1121	-63.15007516
11992032032.032	-57.48851833
12012051951.952	-61.75045892
12032071871.8719	-53.66257302
12052091791.7918	-60.49634642
12072111711.7117	-60.28491202
12092131631.6316	-56.53425496
12112151551.5516	-63.65930043
12132171471.4715	-53.46432312
12152191391.3914	-53.48841957
12172211311.3113	-47.3325395
12192231231.2312	-57.33193969
12212251151.1512	-69.89440811
12232271071.0711	-56.04013314
12252290990.991	-59.54944297
12272310910.9109	-57.42269194
12292330830.8308	-57.5910949
12312350750.7507	-53.63162549
12332370670.6707	-54.30430466
12352390590.5906	-62.73728896
12372410510.5105	-57.38681355
12392430430.4304	-56.4355086
12412450350.3503	-56.4385802
12432470270.2703	-58.00758555
12452490190.1902	-49.39735304
12472510110.1101	-56.47055416
12492530030.03	-60.72101894
12512549949.9499	-54.60652139
12532569869.8699	-61.35752936
12552589789.7898	-51.68469468
12572609709.7097	-57.47160429
12592629629.6296	-54.14476491
12612649549.5495	-61.73114227
12632669469.4695	-49.53682671
12652689389.3894	-66.17577622
12672709309.3093	-56.31336267
12692729229.2292	-65.86232352
12712749149.1491	-68.41456825
12732769069.0691	-55.1871135
12752788988.989	-50.92478007
12772808908.9089	-57.16601084
12792828828.8288	-58.53814073
12812848748.7487	-52.73857692
12832868668.6687	-54.90105655
12852888588.5886	-58.54598734
12872908508.5085	-49.86841247
12892928428.4284	-56.00420118
12912948348.3483	-62.04952843
12932968268.2683	-48.90578195
12952988188.1882	-48.49010323
12973008108.1081	-52.63427784
12993028028.028	-48.89251802
13013047947.9479	-53.32280824
13033067867.8679	-60.20685765
13053087787.7878	-63.24445287
13073107707.7077	-54.98338916
13093127627.6276	-49.13994858
13113147547.5475	-63.55468491
13133167467.4675	-60.18365791
13153187387.3874	-56.87724336
13173207307.3073	-48.22002731
13193227227.2272	-55.28846845
13213247147.1471	-55.34156571
13233267067.0671	-51.20937037
13253286986.987	-49.35629524
13273306906.9069	-51.9962731
13293326826.8268	-56.87806094
13313346746.7467	-57.50451418
13333366666.6667	-56.95214764
13353386586.5866	-56.91010091
13373406506.5065	-54.99709168
13393426426.4264	-52.40429443
13413446346.3463	-55.14488591
13433466266.2663	-76.00768189
13453486186.1862	-52.33472017
13473506106.1061	-54.24962114
13493526026.026	-59.5217003
13513545945.9459	-57.74699841
13533565865.8659	-54.60674117
13553585785.7858	-52.86655286
13573605705.7057	-57.62430813
13593625625.6256	-54.83234571
13613645545.5455	-51.22610495
13633665465.4655	-72.09201442
13653685385.3854	-57.55366349
13673705305.3053	-54.54177308
13693725225.2252	-57.33614957
13713745145.1451	-61.15646782
13733765065.0651	-56.74676605
13753784984.985	-65.39448628
13773804904.9049	-53.00580201
13793824824.8248	-57.24683051
13813844744.7447	-49.44680501
13833864664.6647	-51.65137477
13853884584.5846	-58.52659609
13873904504.5045	-51.09318984
13893924424.4244	-57.35230282
13913944344.3443	-51.29793073
13933964264.2643	-64.61507178
13953984184.1842	-63.27176611
13974004104.1041	-53.51639906
13994024024.024	-60.611989
14014043943.9439	-50.24770119
14034063863.8639	-53.84081363
14054083783.7838	-48.58337165
14074103703.7037	-50.66528082
14094123623.6236	-48.47482317
14114143543.5435	-50.49369184
14134163463.4635	-59.7925458
14154183383.3834	-53.88137929
14174203303.3033	-49.21850374
14194223223.2232	-48.58488406
14214243143.1431	-50.54773827
14234263063.0631	-60.42737991
14254282982.983	-58.54599052
14274302902.9029	-54.83712765
14294322822.8228	-62.79167835
14314342742.7427	-52.30473948
14334362662.6627	-54.66515615
14354382582.5826	-52.26760643
14374402502.5025	-52.4452243
14394422422.4224	-58.22085435
14414442342.3423	-49.26136444
14434462262.2623	-52.57854193
14454482182.1822	-53.05109278
14474502102.1021	-55.19269152
14494522022.022	-56.91359761
14514541941.9419	-56.32692263
14534561861.8619	-51.3914059
14554581781.7818	-63.69486564
14574601701.7017	-65.14875242
14594621621.6216	-56.19165304
14614641541.5415	-49.95178342
14634661461.4615	-56.54078896
14654681381.3814	-50.72507104
14674701301.3013	-63.76680216
14694721221.2212	-55.50427428
14714741141.1411	-53.67708892
14734761061.0611	-67.69078881
14754780980.981	-52.28411719
14774800900.9009	-62.99479468
14794820820.8208	-59.37068396
14814840740.7407	-58.8990645
14834860660.6607	-47.83634414
14854880580.5806	-89.30275555
14874900500.5005	-51.06035647
14894920420.4204	-53.52335011
14914940340.3403	-58.16868288
14934960260.2603	-60.86151212
14954980180.1802	-56.57230635
14975000100.1001	-70.13604188
14995020020.02	-58.01036546
15015039939.9399	-57.35136069
15035059859.8599	-57.38701855
15055079779.7798	-63.2228028
15075099699.6997	-57.33221671
15095119619.6196	-61.54709228
15115139539.5395	-55.12916931
15135159459.4595	-54.30564863
15155179379.3794	-53.12500076
15175199299.2993	-64.48955103
15195219219.2192	-60.1521059
15215239139.1391	-97.11342508
15235259059.0591	-53.05495408
15255278978.979	-60.86303058
15275298898.8989	-58.51783624
15295318818.8188	-63.50725732
15315338738.7387	-54.66666034
15335358658.6587	-56.13841096
15355378578.5786	-58.12021548
15375398498.4985	-53.73970518
15395418418.4184	-64.00778963
15415438338.3383	-57.32162234
15435458258.2583	-56.52911137
15455478178.1782	-66.39196934
15475498098.0981	-55.5677204
15495518018.018	-72.49933351
15515537937.9379	-62.1012048
15535557857.8579	-57.34993071
15555577777.7778	-53.64796232
15575597697.6977	-58.6584843
15595617617.6176	-55.07347585
15615637537.5375	-65.26472398
15635657457.4575	-53.9849176
15655677377.3774	-61.11885455
15675697297.2973	-53.83892213
15695717217.2172	-55.54228284
15715737137.1371	-57.4393935
15735757057.0571	-62.75388107
15755776976.977	-57.18610845
15775796896.8969	-64.0575125
15795816816.8168	-56.23585218
15815836736.7367	-58.57719469
15835856656.6567	-66.12333478
15855876576.5766	-56.34892155
15875896496.4965	-54.24428723
15895916416.4164	-50.05038228
15915936336.3363	-49.24574288
15935956256.2563	-54.9199369
15955976176.1762	-60.54196493
15975996096.0961	-56.9515563
15996016016.016	-61.09743529
16016035935.9359	-55.2439414
16036055855.8559	-53.00094473
16056075775.7758	-57.92819248
16076095695.6957	-55.75493066
16096115615.6156	-55.15070967
16116135535.5355	-49.5243936
16136155455.4555	-56.23333466
16156175375.3754	-55.86051704
16176195295.2953	-52.7812686
16196215215.2152	-56.91446257
16216235135.1351	-65.73482669
16236255055.0551	-52.96820589
16256274974.975	-60.84255273
16276294894.8949	-57.63873634
16296314814.8148	-53.88809922
16316334734.7347	-59.10870566
16336354654.6547	-78.74303749
16356374574.5746	-54.08730438
16376394494.4945	-56.03812335
16396414414.4144	-45.65126831
16416434334.3343	-50.46774977
16436454254.2543	-60.63090107
16456474174.1742	-52.25902172
16476494094.0941	-55.93747532
16496514014.014	-57.90779543
16516533933.9339	-53.9474533
16536553853.8539	-65.71114973
16556573773.7738	-57.41326841
16576593693.6937	-52.92609025
16596613613.6136	-58.01030865
16616633533.5335	-52.02102444
16636653453.4535	-59.11778477
16656673373.3734	-55.38178226
16676693293.2933	-58.49279058
16696713213.2132	-49.9165118
16716733133.1331	-56.24780582
16736753053.0531	-61.25101224
16756772972.973	-60.01921202
16776792892.8929	-64.96689874
16796812812.8128	-53.01675458
16816832732.7327	-57.11793725
16836852652.6527	-54.47972619
16856872572.5726	-66.19936378
16876892492.4925	-62.52324899
16896912412.4124	-49.5048629
16916932332.3323	-55.67211413
16936952252.2523	-56.35636254
16956972172.1722	-52.35413104
16976992092.0921	-60.87718206
16997012012.012	-52.40115267
17017031931.9319	-54.99526556
17037051851.8519	-55.78823821
17057071771.7718	-60.47658177
17077091691.6917	-55.81123641
17097111611.6116	-50.7040736
17117131531.5315	-56.14754104
17137151451.4515	-54.32929816
17157171371.3714	-53.32928475
17177191291.2913	-58.9958354
17197211211.2112	-54.43063375
17217231131.1311	-57.37014657
17237251051.0511	-51.74286894
17257270970.971	-64.95257811
17277290890.8909	-53.85089049
17297310810.8108	-49.095238
17317330730.7307	-53.56967366
17337350650.6507	-59.39396913
17357370570.5706	-57.41448575
17377390490.4905	-53.61714821
17397410410.4104	-53.0594849
17417430330.3303	-60.40547165
17437450250.2502	-53.9895506
17457470170.1702	-54.47964056
17477490090.0901	-56.03641908
17497510010.01	-67.47178172
17517529929.9299	-56.02577963
17537549849.8498	-59.98259496
17557569769.7698	-56.44960022
17577589689.6897	-52.58036541
17597609609.6096	-53.84544604
17617629529.5295	-55.71701929
17637649449.4494	-53.47021809
17657669369.3694	-56.83377314
17677689289.2893	-54.50714822
17697709209.2092	-56.06005655
17717729129.1291	-54.09290738
17737749049.049	-59.07016052
17757768968.969	-55.20194888
17777788888.8889	-61.45021481
17797808808.8088	-52.35362227
17817828728.7287	-48.75697787
17837848648.6486	-49.2502351
17857868568.5686	-56.14277975
17877888488.4885	-51.64514699
17897908408.4084	-59.95328917
17917928328.3283	-72.1125069
17937948248.2482	-56.1471724
17957968168.1682	-47.14732754
17977988088.0881	-56.64771096
17998008008.008	-66.53566107
18018027927.9279	-53.85858512
18038047847.8478	-53.51736167
18058067767.7678	-50.97845723
18078087687.6877	-56.34183971
18098107607.6076	-52.28460175
18118127527.5275	-52.77105628
18138147447.4474	-56.39199542
18158167367.3674	-59.99629823
18178187287.2873	-56.76374084
18198207207.2072	-50.70937019
18218227127.1271	-60.67083404
18238247047.047	-61.80610483
18258266966.967	-56.07436578
18278286886.8869	-51.47454825
18298306806.8068	-51.11947975
18318326726.7267	-57.82593315
18338346646.6466	-72.96639851
18358366566.5666	-50.82590472
18378386486.4865	-49.20547657
18398406406.4064	-58.84833886
18418426326.3263	-57.09527682
18438446246.2462	-50.85614598
18458466166.1662	-50.97115499
18478486086.0861	-47.57225782
18498506006.006	-52.65882747
18518525925.9259	-52.51513821
18538545845.8458	-55.38985248
18558565765.7658	-59.663515
18578585685.6857	-52.60575028
18598605605.6056	-61.88338092
18618625525.5255	-52.79745192
18638645445.4454	-53.97228602
18658665365.3654	-53.33461594
18678685285.2853	-51.90308281
18698705205.2052	-54.44786032
18718725125.1251	-60.08783053
18738745045.045	-48.54417683
18758764964.965	-59.04011944
18778784884.8849	-47.00321444
18798804804.8048	-48.87243121
18818824724.7247	-68.20010291
18838844644.6446	-58.54378097
18858864564.5646	-52.4804142
18878884484.4845	-54.57551661
18898904404.4044	-50.94352752
18918924324.3243	-51.98821708
18938944244.2442	-57.29962529
18958964164.1642	-54.68076954
18978984084.0841	-52.0650747
18999004004.004	-56.81047586
19019023923.9239	-61.23277621
19039043843.8438	-52.55652431
19059063763.7638	-66.55830667
19079083683.6837	-59.30178124
19099103603.6036	-50.36747613
19119123523.5235	-54.27213597
19139143443.4434	-50.55493519
19159163363.3634	-49.81272074
19179183283.2833	-54.27403288
19199203203.2032	-48.85145799
19219223123.1231	-64.91913741
19239243043.043	-47.45712412
19259262962.963	-51.76659533
19279282882.8829	-51.42358295
19299302802.8028	-50.63488924
19319322722.7227	-57.81957715
19339342642.6426	-52.93973528
19359362562.5626	-59.27371378
19379382482.4825	-65.21200733
19399402402.4024	-55.26543044
19419422322.3223	-60.40197072
19439442242.2422	-48.59139577
19459462162.1622	-54.95990592
19479482082.0821	-65.68653874
19499502002.002	-53.54034675
19519521921.9219	-66.15529785
19539541841.8418	-48.06424446
19559561761.7618	-61.3518097
19579581681.6817	-52.22982846
19599601601.6016	-57.26448932
19619621521.5215	-50.61441803
19639641441.4414	-50.97958786
19659661361.3614	-47.27862725
19679681281.2813	-57.0202986
19699701201.2012	-45.57012668
19719721121.1211	-51.6438585
19739741041.041	-53.36959291
19759760960.961	-61.98840236
19779780880.8809	-56.34503691
19799800800.8008	-61.55142376
19819820720.7207	-56.58018868
19839840640.6406	-52.10390554
19859860560.5606	-50.37955412
19879880480.4805	-53.22215061
19899900400.4004	-53.32060257
19919920320.3203	-69.90810529
19939940240.2402	-66.16264422
19959960160.1602	-60.91929048
19979980080.0801	-69.12133517
20000000000	-46.64406037
