# S21_frequency_set	VNA_S21_trace
# "S21 frequency"	"S21 magnitude"
# 1000
100000	-20.31014667
20119919.9199199	-63.49162766
40139839.8398398	-63.13529214
60159759.7597598	-64.15893215
80179679.6796797	-64.42236764
100199599.5996	-64.98396724
120219519.51952	-65.27074727
140239439.439439	-65.49339585
160259359.359359	-65.74799685
180279279.279279	-65.94376429
200299199.199199	-66.146356
220319119.119119	-66.37315652
240339039.039039	-66.64380467
260358958.958959	-66.67753083
280378878.878879	-67.00267909
300398798.798799	-67.29273196
320418718.718719	-67.37445802
340438638.638639	-67.56766597
360458558.558559	-67.8181121
380478478.478478	-67.90170291
400498398.398398	-67.98123828
420518318.318318	-68.25131744
440538238.238238	-68.42140357
460558158.158158	-68.53874317
480578078.078078	-68.54576694
500597997.997998	-68.72672859
520617917.917918	-68.87715652
540637837.837838	-69.0019746
560657757.757758	-69.35425108
580677677.677678	-69.39504045
600697597.597598	-69.35629531
620717517.517517	-69.59296217
640737437.437437	-69.67809259
660757357.357357	-69.77417225
680777277.277277	-70.02082285
700797197.197197	-70.02563268
720817117.117117	-70.46814317
740837037.037037	-70.31893576
760856956.956957	-70.7476478
780876876.876877	-70.67676186
800896796.796797	-70.609273
820916716.716717	-71.01547644
840936636.636637	-70.99903049
860956556.556557	-71.07980422
880976476.476476	-71.28911272
900996396.396396	-71.2074788
921016316.316316	-71.30824714
941036236.236236	-71.61679631
961056156.156156	-71.62528504
981076076.076076	-71.61616762
1001095995.996	-71.67624074
1021115915.91592	-72.00423359
1041135835.83584	-72.13677651
1061155755.75576	-72.04325641
1081175675.67568	-72.22982108
1101195595.5956	-72.2170852
1121215515.51552	-72.29527483
1141235435.43544	-72.33422829
1161255355.35536	-72.62673791
1181275275.27528	-72.75161604
1201295195.1952	-72.7463964
1221315115.11512	-72.76437002
1241335035.03503	-72.843177
1261354954.95495	-72.94403027
1281374874.87487	-72.93102955
1301394794.79479	-73.15340426
1321414714.71471	-73.39992772
1341434634.63463	-73.2763674
1361454554.55455	-73.37905563
1381474474.47447	-73.59783589
1401494394.39439	-73.60913053
1421514314.31431	-73.68473545
1441534234.23423	-73.64390749
1461554154.15415	-73.75856299
1481574074.07407	-73.85339405
1501593993.99399	-73.9057438
1521613913.91391	-73.86828345
1541633833.83383	-74.07756484
1561653753.75375	-74.43882346
1581673673.67367	-74.38519955
1601693593.59359	-74.60609363
1621713513.51351	-74.49048062
1641733433.43343	-74.75157737
1661753353.35335	-74.6724401
1681773273.27327	-74.79525462
1701793193.19319	-74.99596485
1721813113.11311	-74.98268639
1741833033.03303	-74.86070096
1761852952.95295	-75.12836106
1781872872.87287	-74.98655363
1801892792.79279	-75.34165206
1821912712.71271	-75.44254244
1841932632.63263	-75.62852902
1861952552.55255	-75.61191979
1881972472.47247	-75.61679512
1901992392.39239	-75.6456486
1922012312.31231	-75.82982696
1942032232.23223	-76.03274449
1962052152.15215	-76.01275589
1982072072.07207	-76.06136085
2002091991.99199	-76.20590419
2022111911.91191	-76.12674525
2042131831.83183	-76.50535332
2062151751.75175	-76.09165818
2082171671.67167	-76.48856129
2102191591.59159	-76.5169045
2122211511.51151	-76.84263744
2142231431.43143	-76.61274973
2162251351.35135	-76.89665977
2182271271.27127	-76.96533427
2202291191.19119	-77.03376611
2222311111.11111	-76.76226248
2242331031.03103	-77.26179661
2262350950.95095	-77.15033863
2282370870.87087	-77.03983706
2302390790.79079	-77.26159706
2322410710.71071	-77.18571837
2342430630.63063	-77.27839385
2362450550.55055	-77.68850107
2382470470.47047	-77.68899402
2402490390.39039	-77.52584567
2422510310.31031	-77.68239961
2442530230.23023	-77.7148016
2462550150.15015	-77.92194
2482570070.07007	-78.2045358
2502589989.98999	-78.13710229
2522609909.90991	-78.24873664
2542629829.82983	-78.28018112
2562649749.74975	-78.15056242
2582669669.66967	-77.95529355
2602689589.58959	-78.285448
2622709509.50951	-78.58291282
2642729429.42943	-78.45161817
2662749349.34935	-78.32841166
2682769269.26927	-78.45076869
2702789189.18919	-78.61101879
2722809109.10911	-78.31356446
2742829029.02903	-78.9585139
2762848948.94895	-78.76459276
2782868868.86887	-78.98659022
2802888788.78879	-78.88128313
2822908708.70871	-79.17443262
2842928628.62863	-79.16474594
2862948548.54855	-79.30354506
2882968468.46847	-79.37423467
2902988388.38839	-79.25559646
2923008308.30831	-79.36217321
2943028228.22823	-79.46707497
2963048148.14815	-79.59307787
2983068068.06807	-79.57061228
3003087987.98799	-79.6497359
3023107907.90791	-79.26467654
3043127827.82783	-80.0556761
3063147747.74775	-79.72142589
3083167667.66767	-79.5959592
3103187587.58759	-79.71904019
3123207507.50751	-80.21917484
3143227427.42743	-80.07254269
3163247347.34735	-80.2793673
3183267267.26727	-80.53612691
3203287187.18719	-80.03648411
3223307107.10711	-80.43506902
3243327027.02703	-80.6232052
3263346946.94695	-80.55071476
3283366866.86687	-80.32588404
3303386786.78679	-80.31565124
3323406706.70671	-80.79195679
3343426626.62663	-80.33495699
3363446546.54655	-80.81448329
3383466466.46647	-81.13996186
3403486386.38639	-80.85370418
3423506306.30631	-81.10407795
3443526226.22623	-81.15331566
3463546146.14615	-81.12047551
3483566066.06607	-81.03879692
3503585985.98599	-81.14405936
3523605905.90591	-81.26145511
3543625825.82583	-81.27441645
3563645745.74575	-81.7302519
3583665665.66567	-81.35284568
3603685585.58559	-81.45050182
3623705505.50551	-81.11687291
3643725425.42543	-81.18637092
3663745345.34535	-81.82209758
3683765265.26526	-81.5549474
3703785185.18518	-81.73582536
3723805105.1051	-82.00519792
3743825025.02502	-81.55055844
3763844944.94494	-81.77672964
3783864864.86486	-82.03278051
3803884784.78478	-81.90896667
3823904704.7047	-81.71328146
3843924624.62462	-81.93094201
3863944544.54454	-82.11325397
3883964464.46446	-82.13691732
3903984384.38438	-82.41713749
3924004304.3043	-82.63049719
3944024224.22422	-82.44165892
3964044144.14414	-82.56261822
3984064064.06406	-82.68339332
4004083983.98398	-82.25559934
4024103903.9039	-82.90143139
4044123823.82382	-82.19415303
4064143743.74374	-82.60071431
4084163663.66366	-82.67068587
4104183583.58358	-82.97590224
4124203503.5035	-82.90245862
4144223423.42342	-83.14313091
4164243343.34334	-82.44295046
4184263263.26326	-83.27635356
4204283183.18318	-82.76208589
4224303103.1031	-82.97181154
4244323023.02302	-83.01560188
4264342942.94294	-83.00647494
4284362862.86286	-83.04936119
4304382782.78278	-83.08316602
4324402702.7027	-83.37976487
4344422622.62262	-83.32483572
4364442542.54254	-83.23286019
4384462462.46246	-83.61151613
4404482382.38238	-83.60402169
4424502302.3023	-83.63006559
4444522222.22222	-83.51914
4464542142.14214	-83.82011188
4484562062.06206	-84.0083118
4504581981.98198	-83.40980894
4524601901.9019	-83.8922083
4544621821.82182	-84.13745656
4564641741.74174	-83.96481211
4584661661.66166	-83.70236969
4604681581.58158	-84.35206759
4624701501.5015	-84.04123013
4644721421.42142	-84.16906976
4664741341.34134	-83.94596614
4684761261.26126	-84.32232975
4704781181.18118	-84.72621199
4724801101.1011	-84.53360462
4744821021.02102	-85.10826579
4764840940.94094	-84.68667328
4784860860.86086	-85.17244068
4804880780.78078	-84.67045998
4824900700.7007	-84.76839864
4844920620.62062	-85.0930251
4864940540.54054	-84.66533083
4884960460.46046	-85.29531441
4904980380.38038	-84.43676038
4925000300.3003	-85.43121077
4945020220.22022	-85.56059998
4965040140.14014	-85.14239488
4985060060.06006	-84.89063239
5005079979.97998	-85.45098764
5025099899.8999	-85.28665079
5045119819.81982	-85.49095108
5065139739.73974	-85.62392954
5085159659.65966	-86.35774343
5105179579.57958	-86.06681179
5125199499.4995	-86.23508656
5145219419.41942	-85.68280613
5165239339.33934	-85.3900985
5185259259.25926	-86.04586645
5205279179.17918	-86.278486
5225299099.0991	-86.05774572
5245319019.01902	-86.16206022
5265338938.93894	-86.82866363
5285358858.85886	-86.86020189
5305378778.77878	-86.56143904
5325398698.6987	-86.79657609
5345418618.61862	-86.54114097
5365438538.53854	-86.74211946
5385458458.45846	-87.53777488
5405478378.37838	-86.90534639
5425498298.2983	-86.90772765
5445518218.21822	-87.05383877
5465538138.13814	-86.91282518
5485558058.05806	-87.40251693
5505577977.97798	-87.50110699
5525597897.8979	-87.26739955
5545617817.81782	-87.20092881
5565637737.73774	-87.66228502
5585657657.65766	-87.06922618
5605677577.57758	-87.07353052
5625697497.4975	-87.2182338
5645717417.41742	-86.96654293
5665737337.33734	-86.64498229
5685757257.25726	-87.35246825
5705777177.17718	-87.38527542
5725797097.0971	-87.19475059
5745817017.01702	-87.4682849
5765836936.93694	-87.73324973
5785856856.85686	-88.38026545
5805876776.77678	-87.74981127
5825896696.6967	-86.95281553
5845916616.61662	-87.17345807
5865936536.53654	-88.12734866
5885956456.45646	-87.81753392
5905976376.37638	-87.92122446
5925996296.2963	-87.87311448
5946016216.21622	-88.28142774
5966036136.13614	-87.32063294
5986056056.05606	-88.65558729
6006075975.97598	-87.94305065
6026095895.8959	-88.19377333
6046115815.81582	-88.13512122
6066135735.73574	-88.11258837
6086155655.65566	-88.63552628
6106175575.57558	-87.47346119
6126195495.49549	-89.17414464
6146215415.41541	-89.23200692
6166235335.33533	-88.54358246
6186255255.25525	-90.022479
6206275175.17517	-91.06067164
6226295095.09509	-89.67590237
6246315015.01501	-90.0902395
6266334934.93493	-90.10906177
6286354854.85485	-90.58990755
6306374774.77477	-90.10815097
6326394694.69469	-91.01032527
6346414614.61461	-91.34087842
6366434534.53453	-92.54212865
6386454454.45445	-93.1278326
6406474374.37437	-91.80556714
6426494294.29429	-92.59745748
6446514214.21421	-92.30241496
6466534134.13413	-93.01088781
6486554054.05405	-93.7270256
6506573973.97397	-93.11938954
6526593893.89389	-92.64786184
6546613813.81381	-92.28571236
6566633733.73373	-91.87021278
6586653653.65365	-93.40114831
6606673573.57357	-92.04098407
6626693493.49349	-91.53811725
6646713413.41341	-90.69529931
6666733333.33333	-94.76099387
6686753253.25325	-91.57955609
6706773173.17317	-91.2090404
6726793093.09309	-92.18547323
6746813013.01301	-91.18539768
6766832932.93293	-90.86341299
6786852852.85285	-91.43544408
6806872772.77277	-91.061817
6826892692.69269	-90.88491512
6846912612.61261	-90.2322987
6866932532.53253	-90.41115578
6886952452.45245	-91.94620355
6906972372.37237	-90.33412368
6926992292.29229	-90.60543762
6947012212.21221	-91.13813559
6967032132.13213	-91.13411062
6987052052.05205	-89.8931913
7007071971.97197	-90.38523993
7027091891.89189	-90.30678515
7047111811.81181	-91.68596129
7067131731.73173	-90.98810272
7087151651.65165	-89.9472696
7107171571.57157	-89.51418213
7127191491.49149	-91.26818067
7147211411.41141	-90.51616841
7167231331.33133	-89.9061792
7187251251.25125	-89.45207383
7207271171.17117	-89.05498357
7227291091.09109	-89.49441818
7247311011.01101	-89.77672315
7267330930.93093	-90.34101532
7287350850.85085	-90.14345579
7307370770.77077	-90.69584875
7327390690.69069	-89.86150264
7347410610.61061	-91.24170726
7367430530.53053	-91.10178107
7387450450.45045	-90.57211446
7407470370.37037	-90.12129711
7427490290.29029	-91.17133973
7447510210.21021	-90.81500994
7467530130.13013	-90.25119581
7487550050.05005	-90.86920809
7507569969.96997	-91.48717994
7527589889.88989	-91.59017131
7547609809.80981	-91.44346884
7567629729.72973	-91.8922062
7587649649.64965	-92.37861515
7607669569.56957	-90.9729353
7627689489.48949	-92.58068967
7647709409.40941	-92.16389846
7667729329.32933	-92.35503911
7687749249.24925	-90.96177163
7707769169.16917	-92.25728816
7727789089.08909	-91.92336584
7747809009.00901	-90.68486793
7767828928.92893	-91.11520256
7787848848.84885	-91.06804733
7807868768.76877	-92.1216554
7827888688.68869	-91.41758183
7847908608.60861	-91.70516923
7867928528.52853	-91.77955492
7887948448.44845	-91.30229099
7907968368.36837	-92.19420565
7927988288.28829	-91.29323737
7948008208.20821	-91.4560284
7968028128.12813	-91.44696661
7988048048.04805	-93.38655676
8008067967.96797	-92.08440891
8028087887.88789	-91.76948002
8048107807.80781	-92.5242263
8068127727.72773	-92.28705631
8088147647.64765	-91.28586538
8108167567.56757	-91.25854051
8128187487.48749	-91.6469963
8148207407.40741	-90.33347462
8168227327.32733	-91.58165967
8188247247.24725	-90.83142088
8208267167.16717	-91.32198119
8228287087.08709	-92.37114131
8248307007.00701	-92.03091629
8268326926.92693	-90.69688656
8288346846.84685	-91.6504766
8308366766.76677	-92.97655944
8328386686.68669	-92.10544455
8348406606.60661	-91.22725683
8368426526.52653	-91.61831714
8388446446.44645	-91.44562938
8408466366.36637	-92.23377598
8428486286.28629	-92.57104966
8448506206.20621	-92.87415278
8468526126.12613	-94.21913908
8488546046.04605	-90.29827738
8508565965.96597	-92.68213387
8528585885.88589	-92.14791239
8548605805.80581	-94.39855769
8568625725.72573	-92.27716464
8588645645.64565	-92.75573612
8608665565.56557	-92.88083483
8628685485.48549	-93.61867553
8648705405.40541	-93.27926024
8668725325.32533	-94.16532673
8688745245.24524	-92.4599507
8708765165.16516	-93.10180772
8728785085.08508	-93.2828322
8748805005.005	-93.63825613
8768824924.92492	-93.86888273
8788844844.84484	-93.90281936
8808864764.76476	-94.09532914
8828884684.68468	-93.34446676
8848904604.6046	-93.02838546
8868924524.52452	-93.21307367
8888944444.44444	-93.75132671
8908964364.36436	-93.69679922
8928984284.28428	-92.06026944
8949004204.2042	-95.37696083
8969024124.12412	-95.10949485
8989044044.04404	-93.02599731
9009063963.96396	-92.47537795
9029083883.88388	-93.46916814
9049103803.8038	-92.6260948
9069123723.72372	-93.48137569
9089143643.64364	-91.8095455
9109163563.56356	-95.86018022
9129183483.48348	-93.56489542
9149203403.4034	-94.95528942
9169223323.32332	-92.45126774
9189243243.24324	-93.23739096
9209263163.16316	-92.72933654
9229283083.08308	-93.07448583
9249303003.003	-93.74900702
9269322922.92292	-95.41691799
9289342842.84284	-93.99482206
9309362762.76276	-92.86523804
9329382682.68268	-93.49192311
9349402602.6026	-94.25547514
9369422522.52252	-93.82183129
9389442442.44244	-92.65292704
9409462362.36236	-93.89805055
9429482282.28228	-93.55121226
9449502202.2022	-93.41055365
9469522122.12212	-93.27534147
9489542042.04204	-95.16905893
9509561961.96196	-94.2939114
9529581881.88188	-94.56601527
9549601801.8018	-93.41944116
9569621721.72172	-94.09990771
9589641641.64164	-95.00190893
9609661561.56156	-94.62639433
9629681481.48148	-93.81007969
9649701401.4014	-94.60315376
9669721321.32132	-94.64963984
9689741241.24124	-93.46733642
9709761161.16116	-93.81792345
9729781081.08108	-93.38264873
9749801001.001	-94.38438489
9769820920.92092	-95.9486895
9789840840.84084	-95.71004597
9809860760.76076	-95.04124794
9829880680.68068	-95.49341487
9849900600.6006	-96.91379582
9869920520.52052	-96.26069325
9889940440.44044	-94.46328068
9909960360.36036	-96.93028289
9929980280.28028	-96.52979734
9950000200.2002	-95.40168699
9970020120.12012	-96.99025383
9990040040.04004	-97.23659781
10010059959.96	-97.38880204
10030079879.8799	-94.66443102
10050099799.7998	-99.02243242
10070119719.7197	-97.316659
10090139639.6396	-96.06913273
10110159559.5596	-98.48118638
10130179479.4795	-97.05184667
10150199399.3994	-98.14069309
10170219319.3193	-98.67941221
10190239239.2392	-103.5136214
10210259159.1592	-97.83846884
10230279079.0791	-99.31937884
10250298998.999	-100.8908282
10270318918.9189	-103.1654579
10290338838.8388	-102.2164796
10310358758.7588	-108.0768726
10330378678.6787	-99.59762595
10350398598.5986	-100.6649613
10370418518.5185	-102.5003072
10390438438.4384	-100.6141266
10410458358.3584	-99.51812265
10430478278.2783	-108.5612962
10450498198.1982	-105.1125668
10470518118.1181	-106.943174
10490538038.038	-103.2665254
10510557957.958	-105.3597039
10530577877.8779	-101.2440502
10550597797.7978	-106.941881
10570617717.7177	-105.1402493
10590637637.6376	-102.5568859
10610657557.5576	-107.4209035
10630677477.4775	-107.5597543
10650697397.3974	-115.2621715
10670717317.3173	-110.5080518
10690737237.2372	-111.0223431
10710757157.1572	-107.3026865
10730777077.0771	-111.0548834
10750796996.997	-108.3522678
10770816916.9169	-110.4578575
10790836836.8368	-104.6874038
10810856756.7568	-117.1966043
10830876676.6767	-112.4995439
10850896596.5966	-121.100396
10870916516.5165	-112.484814
10890936436.4364	-118.7651243
10910956356.3564	-107.5996368
10930976276.2763	-108.8529452
10950996196.1962	-112.6876645
10971016116.1161	-114.2920018
10991036036.036	-110.4353381
11011055955.956	-107.030199
11031075875.8759	-106.3052856
11051095795.7958	-116.485802
11071115715.7157	-108.2320148
11091135635.6356	-115.6138637
11111155555.5556	-109.6570089
11131175475.4755	-115.1175941
11151195395.3954	-118.3560736
11171215315.3153	-105.3704274
11191235235.2352	-109.6167212
11211255155.1552	-119.1339783
11231275075.0751	-138.0906791
11251294994.995	-111.3686846
11271314914.9149	-106.5640234
11291334834.8348	-112.0892535
11311354754.7548	-104.9329068
11331374674.6747	-113.8872725
11351394594.5946	-104.9508851
11371414514.5145	-112.397257
11391434434.4344	-122.4999893
11411454354.3544	-117.2230215
11431474274.2743	-104.9672716
11451494194.1942	-104.7867426
11471514114.1141	-106.5302986
11491534034.034	-118.0391572
11511553953.954	-108.1215195
11531573873.8739	-109.01465
11551593793.7938	-107.4779424
11571613713.7137	-109.5185505
11591633633.6336	-117.7908779
11611653553.5536	-108.0851617
11631673473.4735	-116.971433
11651693393.3934	-112.3483789
11671713313.3133	-110.9171946
11691733233.2332	-116.6919472
11711753153.1532	-111.7727189
11731773073.0731	-124.0930557
11751792992.993	-118.6161484
11771812912.9129	-111.7876383
11791832832.8328	-119.158932
11811852752.7528	-112.092629
11831872672.6727	-116.7302287
11851892592.5926	-111.2056253
11871912512.5125	-106.151327
11891932432.4324	-113.3314367
11911952352.3524	-106.6445659
11931972272.2723	-116.2915707
11951992192.1922	-106.2459872
11972012112.1121	-106.9507184
11992032032.032	-109.1181733
12012051951.952	-109.2841816
12032071871.8719	-111.1923234
12052091791.7918	-117.6032756
12072111711.7117	-117.7925725
12092131631.6316	-122.9729847
12112151551.5516	-111.8716076
12132171471.4715	-104.9007245
12152191391.3914	-124.6282664
12172211311.3113	-109.5620978
12192231231.2312	-116.4295843
12212251151.1512	-102.6454044
12232271071.0711	-123.456899
12252290990.991	-119.1324419
12272310910.9109	-111.9357535
12292330830.8308	-113.9940996
12312350750.7507	-111.2555549
12332370670.6707	-105.902806
12352390590.5906	-106.0941439
12372410510.5105	-115.3803525
12392430430.4304	-111.3661938
12412450350.3503	-104.5639088
12432470270.2703	-130.9508263
12452490190.1902	-128.7084557
12472510110.1101	-112.0982785
12492530030.03	-117.9373638
12512549949.9499	-111.6358192
12532569869.8699	-107.2301473
12552589789.7898	-109.7327983
12572609709.7097	-108.8887227
12592629629.6296	-113.6354342
12612649549.5495	-107.7186672
12632669469.4695	-108.897025
12652689389.3894	-106.7188471
12672709309.3093	-105.523446
12692729229.2292	-109.5305084
12712749149.1491	-103.3713436
12732769069.0691	-112.5101114
12752788988.989	-108.6466415
12772808908.9089	-108.1428274
12792828828.8288	-120.6533659
12812848748.7487	-112.3047324
12832868668.6687	-113.7106755
12852888588.5886	-118.215698
12872908508.5085	-113.2870926
12892928428.4284	-114.3547228
12912948348.3483	-104.7507278
12932968268.2683	-112.4210811
12952988188.1882	-110.8260005
12973008108.1081	-107.5547447
12993028028.028	-109.5876301
13013047947.9479	-113.7297479
13033067867.8679	-103.3613188
13053087787.7878	-104.8307845
13073107707.7077	-124.4470978
13093127627.6276	-115.4351513
13113147547.5475	-118.93792
13133167467.4675	-112.9565359
13153187387.3874	-108.4528034
13173207307.3073	-111.2522891
13193227227.2272	-106.3302466
13213247147.1471	-110.7303808
13233267067.0671	-119.3707797
13253286986.987	-122.4960337
13273306906.9069	-105.542105
13293326826.8268	-109.6221895
13313346746.7467	-113.1926443
13333366666.6667	-109.2417372
13353386586.5866	-113.8598334
13373406506.5065	-104.67567
13393426426.4264	-122.2741738
13413446346.3463	-116.1443232
13433466266.2663	-103.9489692
13453486186.1862	-116.441942
13473506106.1061	-111.6454991
13493526026.026	-104.298621
13513545945.9459	-119.1137113
13533565865.8659	-102.6157553
13553585785.7858	-101.9525357
13573605705.7057	-106.7896188
13593625625.6256	-101.9937303
13613645545.5455	-107.4162386
13633665465.4655	-112.1787776
13653685385.3854	-108.9072656
13673705305.3053	-108.4605716
13693725225.2252	-110.2125393
13713745145.1451	-108.1295174
13733765065.0651	-106.0632985
13753784984.985	-113.9223489
13773804904.9049	-110.7140773
13793824824.8248	-105.1812365
13813844744.7447	-103.6835605
13833864664.6647	-113.0502372
13853884584.5846	-106.9892313
13873904504.5045	-102.6459901
13893924424.4244	-102.6192407
13913944344.3443	-105.0762216
13933964264.2643	-109.6111551
13953984184.1842	-110.1845467
13974004104.1041	-113.8957646
13994024024.024	-110.5504955
14014043943.9439	-126.9654332
14034063863.8639	-110.5441436
14054083783.7838	-112.5206943
14074103703.7037	-113.9968447
14094123623.6236	-104.9538439
14114143543.5435	-106.5429131
14134163463.4635	-107.4287015
14154183383.3834	-105.4950105
14174203303.3033	-116.0248904
14194223223.2232	-106.4426377
14214243143.1431	-119.4475939
14234263063.0631	-114.5794781
14254282982.983	-111.2459225
14274302902.9029	-115.8517513
14294322822.8228	-121.0968066
14314342742.7427	-116.1246812
14334362662.6627	-108.7739407
14354382582.5826	-114.8100857
14374402502.5025	-113.4725875
14394422422.4224	-108.8837496
14414442342.3423	-105.5967868
14434462262.2623	-117.7368813
14454482182.1822	-110.6910681
14474502102.1021	-109.8878058
14494522022.022	-110.711764
14514541941.9419	-105.500194
14534561861.8619	-112.4217461
14554581781.7818	-106.7438374
14574601701.7017	-118.9246242
14594621621.6216	-105.9521904
14614641541.5415	-108.1904475
14634661461.4615	-114.8434141
14654681381.3814	-114.5965634
14674701301.3013	-109.7587694
14694721221.2212	-108.9577036
14714741141.1411	-120.6415893
14734761061.0611	-117.7305757
14754780980.981	-106.6259654
14774800900.9009	-113.9818478
14794820820.8208	-105.1814036
14814840740.7407	-108.785185
14834860660.6607	-112.3648486
14854880580.5806	-112.2531649
14874900500.5005	-110.2976839
14894920420.4204	-108.5502315
14914940340.3403	-126.8948352
14934960260.2603	-114.1345189
14954980180.1802	-107.1361821
14975000100.1001	-116.1231773
14995020020.02	-118.1731752
15015039939.9399	-105.1844754
15035059859.8599	-106.444033
15055079779.7798	-113.9298954
15075099699.6997	-123.5881848
15095119619.6196	-106.5424926
15115139539.5395	-117.5987523
15135159459.4595	-108.2588466
15155179379.3794	-110.8413512
15175199299.2993	-113.3002077
15195219219.2192	-105.8785262
15215239139.1391	-113.7147318
15235259059.0591	-111.4369686
15255278978.979	-112.0821166
15275298898.8989	-110.3558065
15295318818.8188	-110.5276481
15315338738.7387	-111.8571449
15335358658.6587	-116.0999188
15355378578.5786	-112.3466128
15375398498.4985	-107.1874609
15395418418.4184	-111.7895037
15415438338.3383	-117.9924942
15435458258.2583	-105.9664384
15455478178.1782	-110.2464659
15475498098.0981	-110.8738006
15495518018.018	-109.2292058
15515537937.9379	-113.5008654
15535557857.8579	-107.0263628
15555577777.7778	-115.4612286
15575597697.6977	-109.9252866
15595617617.6176	-119.8216354
15615637537.5375	-112.1947454
15635657457.4575	-104.351471
15655677377.3774	-114.2997855
15675697297.2973	-103.9332244
15695717217.2172	-120.8046102
15715737137.1371	-111.7165121
15735757057.0571	-114.2402179
15755776976.977	-117.4606513
15775796896.8969	-112.8309513
15795816816.8168	-112.5985296
15815836736.7367	-112.7052565
15835856656.6567	-115.0923748
15855876576.5766	-114.7196961
15875896496.4965	-123.6428963
15895916416.4164	-123.7169798
15915936336.3363	-112.0455163
15935956256.2563	-106.7211653
15955976176.1762	-109.4810294
15975996096.0961	-112.3814002
15996016016.016	-112.0918111
16016035935.9359	-109.2853762
16036055855.8559	-107.7066542
16056075775.7758	-109.7199706
16076095695.6957	-111.708343
16096115615.6156	-112.025452
16116135535.5355	-126.4519094
16136155455.4555	-110.8162435
16156175375.3754	-103.3675151
16176195295.2953	-106.6837729
16196215215.2152	-112.2634582
16216235135.1351	-104.8651165
16236255055.0551	-109.1551425
16256274974.975	-104.44954
16276294894.8949	-114.3815618
16296314814.8148	-127.8589907
16316334734.7347	-113.152041
16336354654.6547	-104.8127992
16356374574.5746	-111.7364652
16376394494.4945	-109.0749194
16396414414.4144	-110.9541517
16416434334.3343	-115.2367563
16436454254.2543	-113.6314525
16456474174.1742	-123.74474
16476494094.0941	-109.9688277
16496514014.014	-116.5121967
16516533933.9339	-110.0269319
16536553853.8539	-114.3762996
16556573773.7738	-115.7298518
16576593693.6937	-111.8974698
16596613613.6136	-109.3018512
16616633533.5335	-109.2096852
16636653453.4535	-111.6100943
16656673373.3734	-119.8273452
16676693293.2933	-106.4479836
16696713213.2132	-101.9902221
16716733133.1331	-119.580714
16736753053.0531	-106.6490431
16756772972.973	-105.2197687
16776792892.8929	-111.7543314
16796812812.8128	-107.2223276
16816832732.7327	-114.1125106
16836852652.6527	-111.8268843
16856872572.5726	-107.746987
16876892492.4925	-102.7205486
16896912412.4124	-105.411769
16916932332.3323	-109.798057
16936952252.2523	-112.3593309
16956972172.1722	-114.4287694
16976992092.0921	-103.5761043
16997012012.012	-114.0836176
17017031931.9319	-107.7927473
17037051851.8519	-102.3423931
17057071771.7718	-118.1984895
17077091691.6917	-102.7469385
17097111611.6116	-112.7212694
17117131531.5315	-114.3085719
17137151451.4515	-102.7541472
17157171371.3714	-100.140485
17177191291.2913	-104.319252
17197211211.2112	-110.661453
17217231131.1311	-102.119301
17237251051.0511	-114.8592888
17257270970.971	-107.499523
17277290890.8909	-106.3378404
17297310810.8108	-110.6405706
17317330730.7307	-105.9777305
17337350650.6507	-101.7190059
17357370570.5706	-105.3095968
17377390490.4905	-113.4939099
17397410410.4104	-105.7945322
17417430330.3303	-117.0684484
17437450250.2502	-108.040941
17457470170.1702	-107.9158531
17477490090.0901	-105.9674611
17497510010.01	-106.4226955
17517529929.9299	-107.4643652
17537549849.8498	-128.218944
17557569769.7698	-104.1562546
17577589689.6897	-109.9849526
17597609609.6096	-102.2631475
17617629529.5295	-112.0518061
17637649449.4494	-103.7287804
17657669369.3694	-101.2773041
17677689289.2893	-108.341572
17697709209.2092	-117.287762
17717729129.1291	-106.0442883
17737749049.049	-134.280561
17757768968.969	-111.4832875
17777788888.8889	-127.1267031
17797808808.8088	-109.6318825
17817828728.7287	-105.2062535
17837848648.6486	-106.9506877
17857868568.5686	-112.3734258
17877888488.4885	-106.6749239
17897908408.4084	-114.3631657
17917928328.3283	-104.3231802
17937948248.2482	-109.3059916
17957968168.1682	-101.9593202
17977988088.0881	-121.5945462
17998008008.008	-101.6886351
18018027927.9279	-105.0600101
18038047847.8478	-116.6852683
18058067767.7678	-107.8734735
18078087687.6877	-111.9862558
18098107607.6076	-119.6620007
18118127527.5275	-107.3262824
18138147447.4474	-103.0559604
18158167367.3674	-108.4534325
18178187287.2873	-104.6290673
18198207207.2072	-113.342135
18218227127.1271	-103.8603355
18238247047.047	-118.0662878
18258266966.967	-105.9140846
18278286886.8869	-108.9979912
18298306806.8068	-109.7775693
18318326726.7267	-104.1067046
18338346646.6466	-115.9233072
18358366566.5666	-113.9860914
18378386486.4865	-106.9918752
18398406406.4064	-110.6690167
18418426326.3263	-104.2935806
18438446246.2462	-109.9633388
18458466166.1662	-111.5192332
18478486086.0861	-108.3074501
18498506006.006	-102.4347891
18518525925.9259	-103.6443562
18538545845.8458	-104.0831644
18558565765.7658	-108.4280278
18578585685.6857	-104.8453166
18598605605.6056	-113.3415465
18618625525.5255	-117.3371762
18638645445.4454	-103.1182906
18658665365.3654	-112.2308958
18678685285.2853	-103.2990043
18698705205.2052	-117.0406802
18718725125.1251	-105.23323
18738745045.045	-106.0455669
18758764964.965	-106.463124
18778784884.8849	-110.6870637
18798804804.8048	-106.3153268
18818824724.7247	-117.6863273
18838844644.6446	-110.2422347
18858864564.5646	-115.8910427
18878884484.4845	-105.3283197
18898904404.4044	-128.9394933
18918924324.3243	-110.1138824
18938944244.2442	-109.3241306
18958964164.1642	-111.1742737
18978984084.0841	-111.3313203
18999004004.004	-105.6486016
19019023923.9239	-102.7326983
19039043843.8438	-111.0963404
19059063763.7638	-113.4879401
19079083683.6837	-100.9948657
19099103603.6036	-110.5538439
19119123523.5235	-107.9669806
19139143443.4434	-106.0775418
19159163363.3634	-107.6856043
19179183283.2833	-112.3684937
19199203203.2032	-107.5235858
19219223123.1231	-111.8247283
19239243043.043	-102.060189
19259262962.963	-124.151918
19279282882.8829	-110.3875138
19299302802.8028	-102.2869193
19319322722.7227	-104.3476915
19339342642.6426	-115.319448
19359362562.5626	-106.5365902
19379382482.4825	-111.639218
19399402402.4024	-102.5808153
19419422322.3223	-107.8157226
19439442242.2422	-108.9729318
19459462162.1622	-118.5581251
19479482082.0821	-102.71454
19499502002.002	-112.4624292
19519521921.9219	-103.0866052
19539541841.8418	-109.0175361
19559561761.7618	-106.2625411
19579581681.6817	-109.0280801
19599601601.6016	-106.8319831
19619621521.5215	-109.7680255
19639641441.4414	-106.1655012
19659661361.3614	-114.9762149
19679681281.2813	-105.4372574
19699701201.2012	-105.4554433
19719721121.1211	-112.1581268
19739741041.041	-112.042808
19759760960.961	-102.5632166
19779780880.8809	-119.6676125
19799800800.8008	-106.9359876
19819820720.7207	-108.381706
19839840640.6406	-113.6947311
19859860560.5606	-111.8228447
19879880480.4805	-107.4139602
19899900400.4004	-105.9362059
19919920320.3203	-104.9388259
19939940240.2402	-103.267567
19959960160.1602	-101.248935
19979980080.0801	-106.0859043
20000000000	-101.126156
