# S21_frequency_set	VNA_S21_trace
# "S21 frequency"	"S21 magnitude"
# 1000
100000	-16.0937828
20119919.9199199	-52.04372829
40139839.8398398	-56.46459707
60159759.7597598	-60.67634931
80179679.6796797	-65.14563456
100199599.5996	-65.70164134
120219519.51952	-62.72106132
140239439.439439	-65.05149032
160259359.359359	-69.22524171
180279279.279279	-61.1453987
200299199.199199	-55.70724795
220319119.119119	-57.97114892
240339039.039039	-55.8802575
260358958.958959	-55.05895575
280378878.878879	-79.77261996
300398798.798799	-56.97036421
320418718.718719	-47.50596485
340438638.638639	-48.54699613
360458558.558559	-60.94166993
380478478.478478	-53.8773884
400498398.398398	-56.02843116
420518318.318318	-49.52376008
440538238.238238	-47.56111799
460558158.158158	-52.86019513
480578078.078078	-53.11991196
500597997.997998	-55.19993353
520617917.917918	-47.47936954
540637837.837838	-55.8424149
560657757.757758	-57.06924814
580677677.677678	-52.37061267
600697597.597598	-54.5478329
620717517.517517	-56.74362227
640737437.437437	-54.75407188
660757357.357357	-51.6769938
680777277.277277	-45.58660413
700797197.197197	-49.06659743
720817117.117117	-56.82873387
740837037.037037	-57.01228381
760856956.956957	-55.14854653
780876876.876877	-50.11219739
800896796.796797	-52.94521036
820916716.716717	-53.2156324
840936636.636637	-51.28767247
860956556.556557	-51.34017418
880976476.476476	-54.87631094
900996396.396396	-51.09398782
921016316.316316	-49.96998791
941036236.236236	-48.11995437
961056156.156156	-49.42757307
981076076.076076	-52.01104684
1001095995.996	-56.11582609
1021115915.91592	-52.42633358
1041135835.83584	-60.90813296
1061155755.75576	-51.79165253
1081175675.67568	-42.64796839
1101195595.5956	-56.70655445
1121215515.51552	-53.12321648
1141235435.43544	-62.71605621
1161255355.35536	-50.53552996
1181275275.27528	-50.70424623
1201295195.1952	-51.23246784
1221315115.11512	-57.73576868
1241335035.03503	-57.00273245
1261354954.95495	-51.51463556
1281374874.87487	-49.83633117
1301394794.79479	-72.0734014
1321414714.71471	-53.907053
1341434634.63463	-59.02124728
1361454554.55455	-53.03772702
1381474474.47447	-56.24255148
1401494394.39439	-55.03541502
1421514314.31431	-49.76514438
1441534234.23423	-67.26090643
1461554154.15415	-48.68088688
1481574074.07407	-53.30877565
1501593993.99399	-59.01681977
1521613913.91391	-51.98522408
1541633833.83383	-52.82714764
1561653753.75375	-48.6365104
1581673673.67367	-51.80524494
1601693593.59359	-53.21870671
1621713513.51351	-53.72855244
1641733433.43343	-60.01116563
1661753353.35335	-53.04188759
1681773273.27327	-67.60738657
1701793193.19319	-60.86976223
1721813113.11311	-64.03950776
1741833033.03303	-59.4301189
1761852952.95295	-55.20528117
1781872872.87287	-57.93897415
1801892792.79279	-54.64436178
1821912712.71271	-52.58143144
1841932632.63263	-64.48366192
1861952552.55255	-51.41788485
1881972472.47247	-55.29263349
1901992392.39239	-52.70025367
1922012312.31231	-54.99544287
1942032232.23223	-57.59085451
1962052152.15215	-51.74401701
1982072072.07207	-62.27441894
2002091991.99199	-54.45237785
2022111911.91191	-59.2051466
2042131831.83183	-54.54678226
2062151751.75175	-57.80779752
2082171671.67167	-56.35125875
2102191591.59159	-58.85979076
2122211511.51151	-52.11793304
2142231431.43143	-56.42018644
2162251351.35135	-62.00390132
2182271271.27127	-53.97077069
2202291191.19119	-52.05956198
2222311111.11111	-51.78600052
2242331031.03103	-60.43514849
2262350950.95095	-63.13959549
2282370870.87087	-53.8045023
2302390790.79079	-51.18682029
2322410710.71071	-50.56062519
2342430630.63063	-57.64500529
2362450550.55055	-54.34003261
2382470470.47047	-50.92517751
2402490390.39039	-57.71870545
2422510310.31031	-48.59816828
2442530230.23023	-54.71382556
2462550150.15015	-55.85990113
2482570070.07007	-60.00885041
2502589989.98999	-56.79519404
2522609909.90991	-60.72965004
2542629829.82983	-61.39807938
2562649749.74975	-61.25265608
2582669669.66967	-56.59277746
2602689589.58959	-61.51485345
2622709509.50951	-58.14169017
2642729429.42943	-53.8421262
2662749349.34935	-58.86411231
2682769269.26927	-53.6916443
2702789189.18919	-50.82528792
2722809109.10911	-58.44907811
2742829029.02903	-53.1943155
2762848948.94895	-61.77174209
2782868868.86887	-56.624219
2802888788.78879	-62.36070033
2822908708.70871	-69.98468474
2842928628.62863	-58.4312487
2862948548.54855	-63.25623199
2882968468.46847	-53.11523809
2902988388.38839	-70.78611831
2923008308.30831	-52.2274084
2943028228.22823	-54.03763483
2963048148.14815	-50.74304729
2983068068.06807	-60.13380493
3003087987.98799	-55.64897571
3023107907.90791	-52.20015546
3043127827.82783	-61.38767888
3063147747.74775	-53.16395195
3083167667.66767	-59.99728515
3103187587.58759	-55.46111431
3123207507.50751	-57.27276059
3143227427.42743	-58.58530799
3163247347.34735	-58.19348142
3183267267.26727	-78.62619956
3203287187.18719	-59.10032094
3223307107.10711	-60.61000282
3243327027.02703	-57.1052604
3263346946.94695	-65.56036561
3283366866.86687	-58.16587438
3303386786.78679	-55.8910386
3323406706.70671	-54.74062629
3343426626.62663	-54.0787964
3363446546.54655	-55.0422468
3383466466.46647	-58.63221098
3403486386.38639	-55.95909758
3423506306.30631	-56.49101764
3443526226.22623	-59.04407693
3463546146.14615	-56.77677972
3483566066.06607	-54.74173027
3503585985.98599	-59.23790967
3523605905.90591	-59.63378523
3543625825.82583	-65.53953347
3563645745.74575	-60.86151212
3583665665.66567	-56.28193778
3603685585.58559	-52.51343829
3623705505.50551	-54.62037291
3643725425.42543	-56.78935623
3663745345.34535	-52.29035528
3683765265.26526	-49.75903937
3703785185.18518	-62.452493
3723805105.1051	-55.31155156
3743825025.02502	-63.08756344
3763844944.94494	-66.52127452
3783864864.86486	-59.25476355
3803884784.78478	-68.06203405
3823904704.7047	-61.10020434
3843924624.62462	-52.67980256
3863944544.54454	-51.23069222
3883964464.46446	-56.5627227
3903984384.38438	-53.31854784
3924004304.3043	-63.35713339
3944024224.22422	-60.90713359
3964044144.14414	-50.43551402
3984064064.06406	-55.18954245
4004083983.98398	-51.44981194
4024103903.9039	-51.9699051
4044123823.82382	-53.32798725
4064143743.74374	-56.95255707
4084163663.66366	-56.85065889
4104183583.58358	-62.75529257
4124203503.5035	-62.84978585
4144223423.42342	-55.95647554
4164243343.34334	-61.81635691
4184263263.26326	-52.07664015
4204283183.18318	-55.69063844
4224303103.1031	-60.18303823
4244323023.02302	-59.94851736
4264342942.94294	-65.35250931
4284362862.86286	-57.59978923
4304382782.78278	-58.49543933
4324402702.7027	-54.46954137
4344422622.62262	-66.543016
4364442542.54254	-61.66595081
4384462462.46246	-57.21445291
4404482382.38238	-52.30386713
4424502302.3023	-53.21516917
4444522222.22222	-51.75206871
4464542142.14214	-56.75517287
4484562062.06206	-64.65976433
4504581981.98198	-61.16789223
4524601901.9019	-57.62690484
4544621821.82182	-57.60163529
4564641741.74174	-54.83829108
4584661661.66166	-62.27596432
4604681581.58158	-57.04150829
4624701501.5015	-70.7967172
4644721421.42142	-59.55438652
4664741341.34134	-57.41131266
4684761261.26126	-54.187752
4704781181.18118	-65.3481263
4724801101.1011	-65.67630899
4744821021.02102	-62.79830181
4764840940.94094	-51.98167237
4784860860.86086	-51.68369072
4804880780.78078	-57.18032513
4824900700.7007	-56.61890148
4844920620.62062	-55.90368843
4864940540.54054	-59.02948211
4884960460.46046	-55.74366637
4904980380.38038	-52.68549557
4925000300.3003	-61.80922208
4945020220.22022	-62.83965077
4965040140.14014	-57.07642554
4985060060.06006	-54.91585159
5005079979.97998	-59.71267869
5025099899.8999	-56.22030343
5045119819.81982	-58.01873665
5065139739.73974	-59.41073535
5085159659.65966	-57.38614257
5105179579.57958	-68.12549149
5125199499.4995	-63.71979863
5145219419.41942	-52.22634309
5165239339.33934	-56.57046414
5185259259.25926	-53.73199799
5205279179.17918	-64.82200234
5225299099.0991	-62.31974024
5245319019.01902	-54.6354923
5265338938.93894	-56.14420093
5285358858.85886	-78.87643556
5305378778.77878	-55.00864223
5325398698.6987	-75.08094576
5345418618.61862	-65.10606285
5365438538.53854	-56.47667862
5385458458.45846	-57.0807413
5405478378.37838	-56.16972763
5425498298.2983	-58.00355102
5445518218.21822	-55.36400845
5465538138.13814	-53.37307568
5485558058.05806	-59.53131251
5505577977.97798	-62.26068546
5525597897.8979	-54.97684931
5545617817.81782	-53.00342432
5565637737.73774	-61.48017282
5585657657.65766	-66.20996708
5605677577.57758	-55.93606938
5625697497.4975	-58.59233621
5645717417.41742	-60.59041357
5665737337.33734	-59.88442606
5685757257.25726	-61.92540778
5705777177.17718	-55.75337162
5725797097.0971	-58.17188733
5745817017.01702	-58.09207276
5765836936.93694	-65.50758856
5785856856.85686	-51.05615707
5805876776.77678	-53.10994724
5825896696.6967	-60.14439545
5845916616.61662	-60.63162902
5865936536.53654	-49.63857614
5885956456.45646	-54.16857003
5905976376.37638	-64.03005395
5925996296.2963	-61.09625037
5946016216.21622	-59.98063534
5966036136.13614	-53.98924495
5986056056.05606	-51.40364452
6006075975.97598	-62.56398702
6026095895.8959	-61.74390895
6046115815.81582	-57.17844372
6066135735.73574	-54.69786007
6086155655.65566	-59.05543215
6106175575.57558	-56.27880282
6126195495.49549	-58.4522173
6146215415.41541	-56.1360717
6166235335.33533	-58.96555671
6186255255.25525	-56.4591061
6206275175.17517	-57.27497118
6226295095.09509	-59.36394274
6246315015.01501	-58.78893742
6266334934.93493	-54.84384796
6286354854.85485	-54.2139293
6306374774.77477	-53.32767393
6326394694.69469	-54.08039735
6346414614.61461	-68.40642702
6366434534.53453	-69.10901225
6386454454.45445	-54.33942091
6406474374.37437	-62.83761322
6426494294.29429	-63.70915838
6446514214.21421	-64.16854048
6466534134.13413	-60.46056422
6486554054.05405	-62.62878744
6506573973.97397	-48.45825496
6526593893.89389	-55.09608891
6546613813.81381	-59.43850856
6566633733.73373	-66.18014822
6586653653.65365	-55.42119645
6606673573.57357	-56.26542538
6626693493.49349	-53.571464
6646713413.41341	-60.20233397
6666733333.33333	-67.75834802
6686753253.25325	-65.54713138
6706773173.17317	-59.48177347
6726793093.09309	-61.98209304
6746813013.01301	-54.66360181
6766832932.93293	-58.65100364
6786852852.85285	-64.34386123
6806872772.77277	-55.67342508
6826892692.69269	-54.07344115
6846912612.61261	-59.46491199
6866932532.53253	-54.44673862
6886952452.45245	-52.12382385
6906972372.37237	-71.03180438
6926992292.29229	-60.44846354
6947012212.21221	-62.36062292
6967032132.13213	-68.78434785
6987052052.05205	-59.70598315
7007071971.97197	-54.18163532
7027091891.89189	-64.55068506
7047111811.81181	-51.83909204
7067131731.73173	-50.3963827
7087151651.65165	-83.3320847
7107171571.57157	-57.99504023
7127191491.49149	-62.56666703
7147211411.41141	-60.06237941
7167231331.33133	-56.81427451
7187251251.25125	-51.90014145
7207271171.17117	-60.97340292
7227291091.09109	-55.78954181
7247311011.01101	-57.84135755
7267330930.93093	-52.06710176
7287350850.85085	-63.59894393
7307370770.77077	-58.02215516
7327390690.69069	-52.35494868
7347410610.61061	-56.3230511
7367430530.53053	-59.27402467
7387450450.45045	-53.61176817
7407470370.37037	-50.99164927
7427490290.29029	-55.460295
7447510210.21021	-59.09130615
7467530130.13013	-61.07938933
7487550050.05005	-55.68555716
7507569969.96997	-55.33873279
7527589889.88989	-51.69931894
7547609809.80981	-56.14658438
7567629729.72973	-55.58453183
7587649649.64965	-63.92667184
7607669569.56957	-53.96609958
7627689489.48949	-65.10939264
7647709409.40941	-62.13513884
7667729329.32933	-60.49414639
7687749249.24925	-60.11854218
7707769169.16917	-50.13532195
7727789089.08909	-59.35262511
7747809009.00901	-46.94454716
7767828928.92893	-54.42034792
7787848848.84885	-55.10094855
7807868768.76877	-59.62226395
7827888688.68869	-61.15188424
7847908608.60861	-59.71968575
7867928528.52853	-52.62485462
7887948448.44845	-50.62888333
7907968368.36837	-57.85458069
7927988288.28829	-55.85626308
7948008208.20821	-54.68421078
7968028128.12813	-52.28936841
7988048048.04805	-59.26572105
8008067967.96797	-56.79531135
8028087887.88789	-58.57938194
8048107807.80781	-54.80549031
8068127727.72773	-58.07088669
8088147647.64765	-57.35134487
8108167567.56757	-58.34903368
8128187487.48749	-60.39129612
8148207407.40741	-66.49781884
8168227327.32733	-54.69354966
8188247247.24725	-58.92850027
8208267167.16717	-57.03408418
8228287087.08709	-60.42057518
8248307007.00701	-71.68570555
8268326926.92693	-54.6872625
8288346846.84685	-52.91519558
8308366766.76677	-54.10997193
8328386686.68669	-72.71433666
8348406606.60661	-57.50288789
8368426526.52653	-53.7176975
8388446446.44645	-57.39487361
8408466366.36637	-54.57898907
8428486286.28629	-55.8528036
8448506206.20621	-59.63526937
8468526126.12613	-63.0582694
8488546046.04605	-56.54204963
8508565965.96597	-52.44170946
8528585885.88589	-57.68766055
8548605805.80581	-62.70843264
8568625725.72573	-61.41378442
8588645645.64565	-73.78643638
8608665565.56557	-54.80470519
8628685485.48549	-69.60319105
8648705405.40541	-55.38487769
8668725325.32533	-58.79428966
8688745245.24524	-54.65534548
8708765165.16516	-62.43204467
8728785085.08508	-56.06249211
8748805005.005	-54.85578584
8768824924.92492	-60.28828429
8788844844.84484	-61.96551983
8808864764.76476	-65.51915747
8828884684.68468	-60.77503321
8848904604.6046	-60.07066371
8868924524.52452	-58.86225641
8888944444.44444	-51.75946701
8908964364.36436	-57.32774872
8928984284.28428	-71.83068488
8949004204.2042	-52.40690684
8969024124.12412	-63.95718839
8989044044.04404	-65.67361273
9009063963.96396	-65.34864911
9029083883.88388	-57.16474226
9049103803.8038	-58.76865624
9069123723.72372	-52.65278127
9089143643.64364	-56.40012363
9109163563.56356	-71.42682849
9129183483.48348	-52.94100259
9149203403.4034	-54.66741398
9169223323.32332	-52.53561619
9189243243.24324	-61.38214037
9209263163.16316	-57.35792074
9229283083.08308	-53.29222686
9249303003.003	-63.01374311
9269322922.92292	-55.9454561
9289342842.84284	-59.70716641
9309362762.76276	-73.46799057
9329382682.68268	-66.94919524
9349402602.6026	-52.52656195
9369422522.52252	-77.86741122
9389442442.44244	-54.11560915
9409462362.36236	-54.49730131
9429482282.28228	-68.43309602
9449502202.2022	-52.74097147
9469522122.12212	-54.15570203
9489542042.04204	-64.48522978
9509561961.96196	-61.52273385
9529581881.88188	-53.3015887
9549601801.8018	-59.04840503
9569621721.72172	-60.69015663
9589641641.64164	-84.3575197
9609661561.56156	-56.62782924
9629681481.48148	-54.09940377
9649701401.4014	-50.25666423
9669721321.32132	-51.19640088
9689741241.24124	-60.53792838
9709761161.16116	-53.64799793
9729781081.08108	-53.64047722
9749801001.001	-55.77729017
9769820920.92092	-56.78610947
9789840840.84084	-63.92881223
9809860760.76076	-53.52068987
9829880680.68068	-51.48180209
9849900600.6006	-64.36836103
9869920520.52052	-55.43320709
9889940440.44044	-54.58501806
9909960360.36036	-52.66692947
9929980280.28028	-55.28986215
9950000200.2002	-55.77846913
9970020120.12012	-60.74943426
9990040040.04004	-49.53889545
10010059959.96	-59.97865312
10030079879.8799	-54.12138145
10050099799.7998	-56.93976746
10070119719.7197	-61.11399161
10090139639.6396	-60.49724863
10110159559.5596	-60.49702754
10130179479.4795	-53.2836143
10150199399.3994	-49.84262411
10170219319.3193	-54.12738441
10190239239.2392	-55.16608486
10210259159.1592	-59.72939201
10230279079.0791	-68.20334592
10250298998.999	-59.72395925
10270318918.9189	-54.50855181
10290338838.8388	-52.24326363
10310358758.7588	-68.01227555
10330378678.6787	-64.91675874
10350398598.5986	-50.37431893
10370418518.5185	-52.57279153
10390438438.4384	-55.68652607
10410458358.3584	-60.98745628
10430478278.2783	-58.00406633
10450498198.1982	-52.20261833
10470518118.1181	-59.52891005
10490538038.038	-60.40813401
10510557957.958	-54.36421212
10530577877.8779	-60.12531635
10550597797.7978	-55.06118974
10570617717.7177	-58.17293613
10590637637.6376	-56.31161531
10610657557.5576	-58.21012476
10630677477.4775	-49.51354167
10650697397.3974	-60.22274109
10670717317.3173	-55.00904637
10690737237.2372	-58.5770399
10710757157.1572	-57.88396807
10730777077.0771	-62.21804634
10750796996.997	-53.80610109
10770816916.9169	-59.54672231
10790836836.8368	-55.15039394
10810856756.7568	-55.53496878
10830876676.6767	-63.10973965
10850896596.5966	-60.31967043
10870916516.5165	-64.53290615
10890936436.4364	-54.01789894
10910956356.3564	-55.58491977
10930976276.2763	-64.44235791
10950996196.1962	-54.9564505
10971016116.1161	-53.31791505
10991036036.036	-56.05469599
11011055955.956	-51.57956885
11031075875.8759	-58.32814336
11051095795.7958	-53.01244686
11071115715.7157	-55.44893476
11091135635.6356	-54.57892572
11111155555.5556	-55.5855711
11131175475.4755	-66.32525669
11151195395.3954	-54.57988535
11171215315.3153	-67.39318809
11191235235.2352	-51.19897348
11211255155.1552	-53.92855369
11231275075.0751	-59.81652138
11251294994.995	-66.05070173
11271314914.9149	-58.03026992
11291334834.8348	-70.384254
11311354754.7548	-54.92520004
11331374674.6747	-56.98350948
11351394594.5946	-51.48833217
11371414514.5145	-54.91012109
11391434434.4344	-52.99206518
11411454354.3544	-57.26894142
11431474274.2743	-60.76102537
11451494194.1942	-57.82385623
11471514114.1141	-59.10971761
11491534034.034	-54.67640262
11511553953.954	-61.07067334
11531573873.8739	-55.30189664
11551593793.7938	-56.73605843
11571613713.7137	-61.59793552
11591633633.6336	-60.91919069
11611653553.5536	-58.29464428
11631673473.4735	-68.68209613
11651693393.3934	-55.35309311
11671713313.3133	-62.79099673
11691733233.2332	-53.7266048
11711753153.1532	-68.47478368
11731773073.0731	-59.03444576
11751792992.993	-57.86064355
11771812912.9129	-69.38342323
11791832832.8328	-59.16925517
11811852752.7528	-55.38800175
11831872672.6727	-61.07735528
11851892592.5926	-56.1871755
11871912512.5125	-55.08578763
11891932432.4324	-56.39549425
11911952352.3524	-60.70152703
11931972272.2723	-55.52546632
11951992192.1922	-57.22742798
11972012112.1121	-57.24046078
11992032032.032	-59.21748499
12012051951.952	-52.18463275
12032071871.8719	-58.34069498
12052091791.7918	-64.4189794
12072111711.7117	-57.29072599
12092131631.6316	-56.75130398
12112151551.5516	-68.5222741
12132171471.4715	-55.3022598
12152191391.3914	-62.17499082
12172211311.3113	-60.47104481
12192231231.2312	-54.71212967
12212251151.1512	-57.68929531
12232271071.0711	-55.22708467
12252290990.991	-76.06832914
12272310910.9109	-55.21695797
12292330830.8308	-55.60917843
12312350750.7507	-62.83172018
12332370670.6707	-61.17942791
12352390590.5906	-52.4724909
12372410510.5105	-62.85821774
12392430430.4304	-61.924827
12412450350.3503	-56.39479768
12432470270.2703	-53.90777256
12452490190.1902	-53.19166597
12472510110.1101	-66.99487079
12492530030.03	-56.81883936
12512549949.9499	-58.84088315
12532569869.8699	-49.5344318
12552589789.7898	-56.06839787
12572609709.7097	-56.66325538
12592629629.6296	-60.51810522
12612649549.5495	-66.72811976
12632669469.4695	-58.17837806
12652689389.3894	-57.14212374
12672709309.3093	-60.01651352
12692729229.2292	-57.30883727
12712749149.1491	-56.4322424
12732769069.0691	-59.09191535
12752788988.989	-58.81727591
12772808908.9089	-55.79142861
12792828828.8288	-54.33779982
12812848748.7487	-54.99822181
12832868668.6687	-55.23799343
12852888588.5886	-52.47611422
12872908508.5085	-50.06707705
12892928428.4284	-58.19640781
12912948348.3483	-51.61218187
12932968268.2683	-51.77372067
12952988188.1882	-64.435492
12973008108.1081	-50.67951055
12993028028.028	-50.66152027
13013047947.9479	-57.47689913
13033067867.8679	-50.16777209
13053087787.7878	-55.69673271
13073107707.7077	-50.17227514
13093127627.6276	-58.87387898
13113147547.5475	-59.46170078
13133167467.4675	-57.68135746
13153187387.3874	-60.63459153
13173207307.3073	-57.21728107
13193227227.2272	-50.73455212
13213247147.1471	-57.04166645
13233267067.0671	-51.62826779
13253286986.987	-56.92113138
13273306906.9069	-50.20495126
13293326826.8268	-48.93268338
13313346746.7467	-52.68583204
13333366666.6667	-54.13416694
13353386586.5866	-54.78866033
13373406506.5065	-60.57772767
13393426426.4264	-48.72051349
13413446346.3463	-48.81972907
13433466266.2663	-51.70409914
13453486186.1862	-52.8963201
13473506106.1061	-49.05261395
13493526026.026	-54.00565288
13513545945.9459	-52.51893173
13533565865.8659	-50.98478272
13553585785.7858	-49.14404198
13573605705.7057	-48.45253213
13593625625.6256	-51.14002709
13613645545.5455	-50.04085693
13633665465.4655	-56.31466605
13653685385.3854	-54.29695159
13673705305.3053	-46.7695682
13693725225.2252	-64.16221908
13713745145.1451	-59.29741336
13733765065.0651	-52.45527205
13753784984.985	-55.98926851
13773804904.9049	-53.3644585
13793824824.8248	-52.16859578
13813844744.7447	-58.00033916
13833864664.6647	-58.46009443
13853884584.5846	-49.86096468
13873904504.5045	-54.48305355
13893924424.4244	-56.63850964
13913944344.3443	-45.75343918
13933964264.2643	-51.24370855
13953984184.1842	-50.47609121
13974004104.1041	-54.77481738
13994024024.024	-53.245815
14014043943.9439	-64.75952646
14034063863.8639	-55.30655164
14054083783.7838	-47.52637
14074103703.7037	-54.51209593
14094123623.6236	-67.61154722
14114143543.5435	-46.24361238
14134163463.4635	-54.09636941
14154183383.3834	-62.16590419
14174203303.3033	-55.36929373
14194223223.2232	-50.88966988
14214243143.1431	-49.48993074
14234263063.0631	-58.53474123
14254282982.983	-50.88084884
14274302902.9029	-57.42692641
14294322822.8228	-58.57905745
14314342742.7427	-69.35142435
14334362662.6627	-56.8852565
14354382582.5826	-53.5379588
14374402502.5025	-56.2820398
14394422422.4224	-58.47719582
14414442342.3423	-57.29718274
14434462262.2623	-53.07943595
14454482182.1822	-54.50788044
14474502102.1021	-53.85167149
14494522022.022	-55.78303406
14514541941.9419	-66.2277113
14534561861.8619	-51.57335152
14554581781.7818	-59.60783602
14574601701.7017	-53.65932776
14594621621.6216	-54.12720957
14614641541.5415	-52.38790719
14634661461.4615	-55.45258881
14654681381.3814	-72.06268007
14674701301.3013	-64.24376387
14694721221.2212	-67.69447666
14714741141.1411	-53.63782781
14734761061.0611	-57.46731783
14754780980.981	-59.3301138
14774800900.9009	-55.81135122
14794820820.8208	-57.31554455
14814840740.7407	-60.29874822
14834860660.6607	-62.01967863
14854880580.5806	-53.06046839
14874900500.5005	-60.35670091
14894920420.4204	-51.57293959
14914940340.3403	-57.30219903
14934960260.2603	-55.81864831
14954980180.1802	-55.8208084
14975000100.1001	-59.52990644
14995020020.02	-54.17235511
15015039939.9399	-52.32363987
15035059859.8599	-58.79065832
15055079779.7798	-62.86870589
15075099699.6997	-70.58181595
15095119619.6196	-54.64557974
15115139539.5395	-66.17416968
15135159459.4595	-59.68374418
15155179379.3794	-55.07220013
15175199299.2993	-49.82934674
15195219219.2192	-57.40294759
15215239139.1391	-63.6697372
15235259059.0591	-55.19427238
15255278978.979	-59.1504791
15275298898.8989	-64.20130972
15295318818.8188	-64.16154967
15315338738.7387	-65.48776033
15335358658.6587	-52.27902587
15355378578.5786	-57.46682552
15375398498.4985	-63.39996245
15395418418.4184	-61.05058639
15415438338.3383	-57.42830345
15435458258.2583	-57.63821703
15455478178.1782	-57.92726772
15475498098.0981	-60.28209249
15495518018.018	-58.85255504
15515537937.9379	-54.42818195
15535557857.8579	-53.7228682
15555577777.7778	-60.8411843
15575597697.6977	-65.368942
15595617617.6176	-54.0721267
15615637537.5375	-61.02856985
15635657457.4575	-64.57071034
15655677377.3774	-72.6509911
15675697297.2973	-60.38993972
15695717217.2172	-60.54802821
15715737137.1371	-52.10854755
15735757057.0571	-60.52765499
15755776976.977	-53.31008593
15775796896.8969	-64.39930293
15795816816.8168	-64.93370114
15815836736.7367	-56.24031173
15835856656.6567	-58.59606523
15855876576.5766	-57.78144256
15875896496.4965	-65.49529765
15895916416.4164	-56.63520466
15915936336.3363	-69.84425231
15935956256.2563	-54.37908972
15955976176.1762	-54.90687454
15975996096.0961	-56.4263026
15996016016.016	-50.51571339
16016035935.9359	-47.70815827
16036055855.8559	-49.71017387
16056075775.7758	-59.25019016
16076095695.6957	-60.74749112
16096115615.6156	-58.21389341
16116135535.5355	-56.01115912
16136155455.4555	-53.43177783
16156175375.3754	-73.77919222
16176195295.2953	-57.21828295
16196215215.2152	-55.33118408
16216235135.1351	-73.42111307
16236255055.0551	-62.8736522
16256274974.975	-61.29611981
16276294894.8949	-58.97818854
16296314814.8148	-52.92638988
16316334734.7347	-54.94484642
16336354654.6547	-59.50170762
16356374574.5746	-62.18726369
16376394494.4945	-55.23005494
16396414414.4144	-59.12480051
16416434334.3343	-47.56717766
16436454254.2543	-53.2454823
16456474174.1742	-56.31567872
16476494094.0941	-56.97672736
16496514014.014	-69.1106597
16516533933.9339	-62.32958915
16536553853.8539	-52.63896265
16556573773.7738	-51.8459065
16576593693.6937	-63.85262374
16596613613.6136	-55.41730534
16616633533.5335	-53.91830573
16636653453.4535	-57.47443793
16656673373.3734	-59.27408059
16676693293.2933	-63.38616482
16696713213.2132	-53.29963299
16716733133.1331	-49.78951379
16736753053.0531	-60.68816711
16756772972.973	-62.55013826
16776792892.8929	-61.96391377
16796812812.8128	-70.18824096
16816832732.7327	-63.84112982
16836852652.6527	-54.41032104
16856872572.5726	-60.76931816
16876892492.4925	-55.82199541
16896912412.4124	-49.5806698
16916932332.3323	-58.01562284
16936952252.2523	-61.16405616
16956972172.1722	-53.04579732
16976992092.0921	-62.69812652
16997012012.012	-65.18398145
17017031931.9319	-71.56295995
17037051851.8519	-50.88809197
17057071771.7718	-52.14514448
17077091691.6917	-63.0505827
17097111611.6116	-53.52143524
17117131531.5315	-60.09589595
17137151451.4515	-50.99039478
17157171371.3714	-52.77435223
17177191291.2913	-51.80569701
17197211211.2112	-59.01446745
17217231131.1311	-62.50363558
17237251051.0511	-53.73898151
17257270970.971	-60.07967001
17277290890.8909	-49.35908488
17297310810.8108	-60.04164001
17317330730.7307	-62.34785467
17337350650.6507	-59.50510134
17357370570.5706	-52.20388502
17377390490.4905	-52.97182628
17397410410.4104	-52.81082472
17417430330.3303	-55.95351266
17437450250.2502	-46.78028055
17457470170.1702	-46.39727643
17477490090.0901	-55.47753267
17497510010.01	-50.69541528
17517529929.9299	-48.75921784
17537549849.8498	-54.52915776
17557569769.7698	-53.81686656
17577589689.6897	-47.7899842
17597609609.6096	-65.10219558
17617629529.5295	-50.08088854
17637649449.4494	-52.88698739
17657669369.3694	-60.77065549
17677689289.2893	-51.09706354
17697709209.2092	-57.2940288
17717729129.1291	-67.73983529
17737749049.049	-52.77788053
17757768968.969	-57.44058524
17777788888.8889	-53.86697508
17797808808.8088	-66.42570252
17817828728.7287	-49.7460043
17837848648.6486	-71.38855353
17857868568.5686	-55.79946679
17877888488.4885	-65.36108071
17897908408.4084	-57.37387173
17917928328.3283	-53.26186335
17937948248.2482	-46.30641903
17957968168.1682	-61.1525812
17977988088.0881	-54.06402709
17998008008.008	-46.77712
18018027927.9279	-51.41979016
18038047847.8478	-62.10683799
18058067767.7678	-56.58283899
18078087687.6877	-52.69892853
18098107607.6076	-58.0369593
18118127527.5275	-54.41551701
18138147447.4474	-50.12925642
18158167367.3674	-51.77700429
18178187287.2873	-51.9592969
18198207207.2072	-51.31884468
18218227127.1271	-49.45705409
18238247047.047	-48.74941976
18258266966.967	-53.7415371
18278286886.8869	-64.31560572
18298306806.8068	-66.35841503
18318326726.7267	-62.20071614
18338346646.6466	-58.47512248
18358366566.5666	-50.42048177
18378386486.4865	-55.72824535
18398406406.4064	-47.44333033
18418426326.3263	-55.31097209
18438446246.2462	-52.18270886
18458466166.1662	-49.44141922
18478486086.0861	-56.03898822
18498506006.006	-56.41592663
18518525925.9259	-54.71380496
18538545845.8458	-50.08978304
18558565765.7658	-56.00708852
18578585685.6857	-52.40453058
18598605605.6056	-49.72278767
18618625525.5255	-61.73002389
18638645445.4454	-74.77663288
18658665365.3654	-66.64520385
18678685285.2853	-64.51987275
18698705205.2052	-53.143587
18718725125.1251	-51.63670967
18738745045.045	-72.06372577
18758764964.965	-57.08512825
18778784884.8849	-57.9919898
18798804804.8048	-53.24268979
18818824724.7247	-50.88882229
18838844644.6446	-61.6521325
18858864564.5646	-53.02377433
18878884484.4845	-54.58308007
18898904404.4044	-50.91779732
18918924324.3243	-50.5340558
18938944244.2442	-54.71301326
18958964164.1642	-52.28063857
18978984084.0841	-58.65599763
18999004004.004	-53.72480863
19019023923.9239	-52.40362437
19039043843.8438	-57.64971608
19059063763.7638	-55.1117591
19079083683.6837	-64.29804139
19099103603.6036	-62.87223927
19119123523.5235	-55.8577068
19139143443.4434	-53.10545973
19159163363.3634	-48.41993723
19179183283.2833	-53.4391827
19199203203.2032	-58.09051601
19219223123.1231	-58.89081119
19239243043.043	-57.99579941
19259262962.963	-59.51041876
19279282882.8829	-53.53918009
19299302802.8028	-48.00075748
19319322722.7227	-52.04118042
19339342642.6426	-54.8397488
19359362562.5626	-50.79079427
19379382482.4825	-55.89023311
19399402402.4024	-55.15091455
19419422322.3223	-49.84755048
19439442242.2422	-48.26879444
19459462162.1622	-53.04653714
19479482082.0821	-57.07724917
19499502002.002	-57.72495004
19519521921.9219	-54.46026693
19539541841.8418	-48.41979429
19559561761.7618	-52.48483831
19579581681.6817	-58.34763903
19599601601.6016	-67.71081329
19619621521.5215	-51.98465527
19639641441.4414	-52.65879628
19659661361.3614	-56.52565635
19679681281.2813	-60.53543412
19699701201.2012	-52.75851984
19719721121.1211	-54.14639314
19739741041.041	-50.26366062
19759760960.961	-47.38079162
19779780880.8809	-51.94551092
19799800800.8008	-52.49691801
19819820720.7207	-51.69916372
19839840640.6406	-49.76078307
19859860560.5606	-49.34896618
19879880480.4805	-59.67035402
19899900400.4004	-61.59909486
19919920320.3203	-55.36963265
19939940240.2402	-66.45880313
19959960160.1602	-55.31065021
19979980080.0801	-61.80821717
20000000000	-51.18714446
