# S12_frequency_set	VNA_S12_trace
# "S12 frequency"	"S12 magnitude"
# 1000
100000	-20.17617469
20119919.9199199	-63.74206404
40139839.8398398	-64.46569053
60159759.7597598	-64.26824674
80179679.6796797	-64.33737381
100199599.5996	-65.12169377
120219519.51952	-65.43278522
140239439.439439	-65.60796667
160259359.359359	-65.86607934
180279279.279279	-66.15438329
200299199.199199	-66.42726739
220319119.119119	-66.59251249
240339039.039039	-66.94556399
260358958.958959	-67.05791866
280378878.878879	-67.33316767
300398798.798799	-67.56939729
320418718.718719	-67.66496843
340438638.638639	-67.92653036
360458558.558559	-68.12378952
380478478.478478	-68.20628365
400498398.398398	-68.40131474
420518318.318318	-68.61226603
440538238.238238	-68.67012168
460558158.158158	-68.94572005
480578078.078078	-69.05398933
500597997.997998	-69.16309246
520617917.917918	-69.36617269
540637837.837838	-69.46848961
560657757.757758	-69.58908995
580677677.677678	-69.7669517
600697597.597598	-69.95860119
620717517.517517	-70.06671286
640737437.437437	-70.1902589
660757357.357357	-70.26201112
680777277.277277	-70.49895392
700797197.197197	-70.47189376
720817117.117117	-70.65809831
740837037.037037	-70.90517453
760856956.956957	-71.04814809
780876876.876877	-71.05625581
800896796.796797	-71.28013143
820916716.716717	-71.44346813
840936636.636637	-71.51492622
860956556.556557	-71.57243777
880976476.476476	-71.77102879
900996396.396396	-71.88755922
921016316.316316	-71.97559871
941036236.236236	-72.05086334
961056156.156156	-72.15739846
981076076.076076	-72.29303437
1001095995.996	-72.340155
1021115915.91592	-72.42937585
1041135835.83584	-72.54990272
1061155755.75576	-72.72855666
1081175675.67568	-72.76481274
1101195595.5956	-72.86772231
1121215515.51552	-73.03865814
1141235435.43544	-73.16918264
1161255355.35536	-73.18923142
1181275275.27528	-73.22654708
1201295195.1952	-73.37148723
1221315115.11512	-73.44939436
1241335035.03503	-73.53666197
1261354954.95495	-73.73151735
1281374874.87487	-73.7313259
1301394794.79479	-73.81697038
1321414714.71471	-74.00328874
1341434634.63463	-74.11201071
1361454554.55455	-73.93981191
1381474474.47447	-74.27206507
1401494394.39439	-74.44270403
1421514314.31431	-74.43718299
1441534234.23423	-74.42661023
1461554154.15415	-74.69748133
1481574074.07407	-74.57074568
1501593993.99399	-74.8617188
1521613913.91391	-75.08409686
1541633833.83383	-75.09480145
1561653753.75375	-75.10403763
1581673673.67367	-75.20545064
1601693593.59359	-75.24649715
1621713513.51351	-75.38836934
1641733433.43343	-75.5940322
1661753353.35335	-75.45952939
1681773273.27327	-75.61151
1701793193.19319	-75.77006145
1721813113.11311	-75.90536164
1741833033.03303	-75.84919247
1761852952.95295	-75.99410759
1781872872.87287	-76.10731278
1801892792.79279	-76.32128984
1821912712.71271	-76.28506862
1841932632.63263	-76.46212195
1861952552.55255	-76.37640068
1881972472.47247	-76.47333144
1901992392.39239	-76.64088394
1922012312.31231	-76.71764181
1942032232.23223	-76.93383738
1962052152.15215	-76.91060867
1982072072.07207	-76.98743085
2002091991.99199	-77.11081536
2022111911.91191	-77.21265375
2042131831.83183	-77.37712836
2062151751.75175	-77.40369966
2082171671.67167	-77.51393104
2102191591.59159	-77.68207857
2122211511.51151	-77.58434324
2142231431.43143	-77.56624893
2162251351.35135	-77.86545366
2182271271.27127	-77.93093943
2202291191.19119	-78.03547394
2222311111.11111	-78.12727892
2242331031.03103	-78.023263
2262350950.95095	-78.21595516
2282370870.87087	-78.30205758
2302390790.79079	-78.43583336
2322410710.71071	-78.70050423
2342430630.63063	-78.55785173
2362450550.55055	-78.64853451
2382470470.47047	-78.6640717
2402490390.39039	-78.77390009
2422510310.31031	-78.93586254
2442530230.23023	-78.88348781
2462550150.15015	-79.06480374
2482570070.07007	-79.00569411
2502589989.98999	-79.25703756
2522609909.90991	-79.35594857
2542629829.82983	-79.40820887
2562649749.74975	-79.6313722
2582669669.66967	-79.57894077
2602689589.58959	-79.48185017
2622709509.50951	-79.65523036
2642729429.42943	-79.6977028
2662749349.34935	-79.83219374
2682769269.26927	-79.67153244
2702789189.18919	-79.94062767
2722809109.10911	-80.00198957
2742829029.02903	-80.35661429
2762848948.94895	-80.26797254
2782868868.86887	-80.24316604
2802888788.78879	-80.21800592
2822908708.70871	-80.30441318
2842928628.62863	-80.68144367
2862948548.54855	-80.59520437
2882968468.46847	-80.67573924
2902988388.38839	-80.74856867
2923008308.30831	-80.79503221
2943028228.22823	-80.92363581
2963048148.14815	-80.95356547
2983068068.06807	-81.10105246
3003087987.98799	-81.00499105
3023107907.90791	-81.14665485
3043127827.82783	-81.33195145
3063147747.74775	-81.43119783
3083167667.66767	-81.47939677
3103187587.58759	-81.46629285
3123207507.50751	-81.49780623
3143227427.42743	-81.34562711
3163247347.34735	-81.69709967
3183267267.26727	-81.77625907
3203287187.18719	-81.78946769
3223307107.10711	-81.83494952
3243327027.02703	-81.98956752
3263346946.94695	-81.82421252
3283366866.86687	-81.91320993
3303386786.78679	-81.92044236
3323406706.70671	-82.05965504
3343426626.62663	-82.17242049
3363446546.54655	-82.30457584
3383466466.46647	-82.48120822
3403486386.38639	-82.82605169
3423506306.30631	-82.55904473
3443526226.22623	-82.69845194
3463546146.14615	-82.69438327
3483566066.06607	-82.81359023
3503585985.98599	-82.66322717
3523605905.90591	-82.87783694
3543625825.82583	-82.93625811
3563645745.74575	-82.95425615
3583665665.66567	-82.80285505
3603685585.58559	-83.20409257
3623705505.50551	-82.99197993
3643725425.42543	-83.31798077
3663745345.34535	-83.17628246
3683765265.26526	-83.26687554
3703785185.18518	-83.43919492
3723805105.1051	-83.31879948
3743825025.02502	-83.35341177
3763844944.94494	-83.44912723
3783864864.86486	-83.39391544
3803884784.78478	-83.50996246
3823904704.7047	-83.68439437
3843924624.62462	-83.5568499
3863944544.54454	-83.66054098
3883964464.46446	-83.94359818
3903984384.38438	-84.03076791
3924004304.3043	-84.15981209
3944024224.22422	-83.92299523
3964044144.14414	-84.03884775
3984064064.06406	-84.1729147
4004083983.98398	-84.22062411
4024103903.9039	-84.39892379
4044123823.82382	-84.43420144
4064143743.74374	-84.58489975
4084163663.66366	-84.69476781
4104183583.58358	-84.51331171
4124203503.5035	-84.69193842
4144223423.42342	-84.72956585
4164243343.34334	-84.92897375
4184263263.26326	-84.58020021
4204283183.18318	-84.71215846
4224303103.1031	-84.86953535
4244323023.02302	-84.91941875
4264342942.94294	-85.16423496
4284362862.86286	-85.13226093
4304382782.78278	-85.22878968
4324402702.7027	-84.92670768
4344422622.62262	-85.43917773
4364442542.54254	-85.24639645
4384462462.46246	-85.39441673
4404482382.38238	-85.66151689
4424502302.3023	-85.07904865
4444522222.22222	-85.59705781
4464542142.14214	-85.50231181
4484562062.06206	-85.52315616
4504581981.98198	-85.6005894
4524601901.9019	-85.74550013
4544621821.82182	-85.89815365
4564641741.74174	-85.84057179
4584661661.66166	-86.04088058
4604681581.58158	-86.32143804
4624701501.5015	-86.05186059
4644721421.42142	-86.26991905
4664741341.34134	-86.3062372
4684761261.26126	-86.38004483
4704781181.18118	-86.59220734
4724801101.1011	-86.49360631
4744821021.02102	-86.47116443
4764840940.94094	-86.37098069
4784860860.86086	-86.60745494
4804880780.78078	-86.68233024
4824900700.7007	-86.9998735
4844920620.62062	-86.5957962
4864940540.54054	-86.54685327
4884960460.46046	-86.9109282
4904980380.38038	-87.14652834
4925000300.3003	-87.33513681
4945020220.22022	-87.08866927
4965040140.14014	-87.22900187
4985060060.06006	-87.26913885
5005079979.97998	-87.00345313
5025099899.8999	-87.40915685
5045119819.81982	-87.24844845
5065139739.73974	-87.53714995
5085159659.65966	-87.05260346
5105179579.57958	-87.35103547
5125199499.4995	-87.3975719
5145219419.41942	-87.33482314
5165239339.33934	-87.86936032
5185259259.25926	-87.55985275
5205279179.17918	-87.85261409
5225299099.0991	-87.9207111
5245319019.01902	-87.79502282
5265338938.93894	-87.39801946
5285358858.85886	-87.96493177
5305378778.77878	-88.06264405
5325398698.6987	-87.79321288
5345418618.61862	-87.89738386
5365438538.53854	-88.13771495
5385458458.45846	-88.23781588
5405478378.37838	-88.32729813
5425498298.2983	-88.10717006
5445518218.21822	-88.15821269
5465538138.13814	-88.21011776
5485558058.05806	-88.26874206
5505577977.97798	-89.05820769
5525597897.8979	-88.74412224
5545617817.81782	-88.84945767
5565637737.73774	-89.11953855
5585657657.65766	-88.34865307
5605677577.57758	-89.47955209
5625697497.4975	-89.28573968
5645717417.41742	-88.79429029
5665737337.33734	-88.89349856
5685757257.25726	-89.1789582
5705777177.17718	-89.32515422
5725797097.0971	-89.17076971
5745817017.01702	-89.84652325
5765836936.93694	-89.28811381
5785856856.85686	-89.55598499
5805876776.77678	-89.60522474
5825896696.6967	-89.26751138
5845916616.61662	-89.70494654
5865936536.53654	-89.68414989
5885956456.45646	-89.45836477
5905976376.37638	-89.41970213
5925996296.2963	-89.93550803
5946016216.21622	-89.6783258
5966036136.13614	-89.86434194
5986056056.05606	-90.16550264
6006075975.97598	-90.15746216
6026095895.8959	-89.95169547
6046115815.81582	-90.27614956
6066135735.73574	-90.2359341
6086155655.65566	-90.39097948
6106175575.57558	-90.00130409
6126195495.49549	-90.59635662
6146215415.41541	-90.33827365
6166235335.33533	-89.87733014
6186255255.25525	-90.33776012
6206275175.17517	-91.35998111
6226295095.09509	-91.10682612
6246315015.01501	-90.432211
6266334934.93493	-90.54733627
6286354854.85485	-91.15131579
6306374774.77477	-90.93972936
6326394694.69469	-91.26607323
6346414614.61461	-90.75181387
6366434534.53453	-90.88178224
6386454454.45445	-90.44251023
6406474374.37437	-91.04298559
6426494294.29429	-90.79971939
6446514214.21421	-91.15027838
6466534134.13413	-91.29315907
6486554054.05405	-91.59919427
6506573973.97397	-91.23932594
6526593893.89389	-91.29058629
6546613813.81381	-91.40966155
6566633733.73373	-91.82742216
6586653653.65365	-91.41250117
6606673573.57357	-91.23442723
6626693493.49349	-91.62119299
6646713413.41341	-91.24523037
6666733333.33333	-91.75611338
6686753253.25325	-91.33114179
6706773173.17317	-93.02167539
6726793093.09309	-91.55553909
6746813013.01301	-92.05658848
6766832932.93293	-92.7019955
6786852852.85285	-91.7569833
6806872772.77277	-91.92111589
6826892692.69269	-91.94726799
6846912612.61261	-92.61580296
6866932532.53253	-92.50239078
6886952452.45245	-92.11681779
6906972372.37237	-92.86032536
6926992292.29229	-93.81609961
6947012212.21221	-91.61577778
6967032132.13213	-93.04462386
6987052052.05205	-92.63575073
7007071971.97197	-92.2873235
7027091891.89189	-92.86405927
7047111811.81181	-92.43283003
7067131731.73173	-92.42904631
7087151651.65165	-91.99650576
7107171571.57157	-93.16902275
7127191491.49149	-92.94976849
7147211411.41141	-92.82709187
7167231331.33133	-93.43582151
7187251251.25125	-93.09288784
7207271171.17117	-93.31411282
7227291091.09109	-92.90075598
7247311011.01101	-93.62484702
7267330930.93093	-93.4464254
7287350850.85085	-93.11058275
7307370770.77077	-92.31555068
7327390690.69069	-93.39586412
7347410610.61061	-92.5905684
7367430530.53053	-93.29209975
7387450450.45045	-93.82675974
7407470370.37037	-94.00544622
7427490290.29029	-93.09529146
7447510210.21021	-94.10974907
7467530130.13013	-93.84658368
7487550050.05005	-93.70784749
7507569969.96997	-93.92858565
7527589889.88989	-93.43201386
7547609809.80981	-94.17114265
7567629729.72973	-93.45439904
7587649649.64965	-93.03933026
7607669569.56957	-93.48561459
7627689489.48949	-93.59960638
7647709409.40941	-93.65783328
7667729329.32933	-93.15510928
7687749249.24925	-94.89982423
7707769169.16917	-93.90452917
7727789089.08909	-93.17079892
7747809009.00901	-94.75757974
7767828928.92893	-94.81658698
7787848848.84885	-94.87541147
7807868768.76877	-94.07903416
7827888688.68869	-94.8598073
7847908608.60861	-93.58876167
7867928528.52853	-94.39864552
7887948448.44845	-94.42763185
7907968368.36837	-95.74401106
7927988288.28829	-94.73332386
7948008208.20821	-95.13198771
7968028128.12813	-95.22151633
7988048048.04805	-94.30129975
8008067967.96797	-94.36026818
8028087887.88789	-95.37979786
8048107807.80781	-94.8121027
8068127727.72773	-94.17651603
8088147647.64765	-95.336087
8108167567.56757	-94.58739324
8128187487.48749	-94.47803877
8148207407.40741	-95.45070061
8168227327.32733	-95.17144386
8188247247.24725	-96.72869659
8208267167.16717	-95.10121758
8228287087.08709	-95.15544179
8248307007.00701	-94.47955802
8268326926.92693	-95.63958137
8288346846.84685	-94.36142119
8308366766.76677	-94.90273065
8328386686.68669	-94.28297036
8348406606.60661	-95.55717897
8368426526.52653	-94.39225713
8388446446.44645	-96.49259711
8408466366.36637	-95.84891932
8428486286.28629	-94.90527863
8448506206.20621	-94.22887177
8468526126.12613	-95.16514468
8488546046.04605	-96.12842412
8508565965.96597	-97.20789573
8528585885.88589	-95.60075319
8548605805.80581	-96.7309913
8568625725.72573	-95.75447817
8588645645.64565	-95.7463766
8608665565.56557	-95.79437952
8628685485.48549	-95.39572576
8648705405.40541	-97.17434948
8668725325.32533	-96.06318548
8688745245.24524	-97.13222527
8708765165.16516	-95.63843032
8728785085.08508	-96.68295333
8748805005.005	-95.12678848
8768824924.92492	-96.56948112
8788844844.84484	-96.27989176
8808864764.76476	-97.47881396
8828884684.68468	-96.95732067
8848904604.6046	-95.37224956
8868924524.52452	-96.20188902
8888944444.44444	-96.39529805
8908964364.36436	-95.60642604
8928984284.28428	-96.78691356
8949004204.2042	-95.60119221
8969024124.12412	-96.24879021
8989044044.04404	-97.54809162
9009063963.96396	-98.1339492
9029083883.88388	-99.30124461
9049103803.8038	-95.74421231
9069123723.72372	-96.94898026
9089143643.64364	-96.92229898
9109163563.56356	-95.95509302
9129183483.48348	-97.94327215
9149203403.4034	-96.61723015
9169223323.32332	-96.53925776
9189243243.24324	-98.22872794
9209263163.16316	-96.39256948
9229283083.08308	-97.49754404
9249303003.003	-97.86898084
9269322922.92292	-97.51616071
9289342842.84284	-98.1702181
9309362762.76276	-98.18840403
9329382682.68268	-96.15698502
9349402602.6026	-97.86045009
9369422522.52252	-98.85035545
9389442442.44244	-97.13387328
9409462362.36236	-97.27121923
9429482282.28228	-98.16999311
9449502202.2022	-98.28811932
9469522122.12212	-96.9461357
9489542042.04204	-99.13148062
9509561961.96196	-98.85183853
9529581881.88188	-97.59366563
9549601801.8018	-97.90329987
9569621721.72172	-97.43416382
9589641641.64164	-97.06758374
9609661561.56156	-96.54378777
9629681481.48148	-98.43435115
9649701401.4014	-96.59127542
9669721321.32132	-97.64793231
9689741241.24124	-99.05398564
9709761161.16116	-97.41788799
9729781081.08108	-98.79739648
9749801001.001	-97.39559409
9769820920.92092	-98.4710888
9789840840.84084	-98.33286132
9809860760.76076	-98.42266155
9829880680.68068	-97.45339837
9849900600.6006	-99.22624924
9869920520.52052	-98.89561155
9889940440.44044	-97.5057566
9909960360.36036	-98.26757138
9929980280.28028	-98.90699147
9950000200.2002	-98.98299705
9970020120.12012	-97.54906891
9990040040.04004	-99.20771588
10010059959.96	-98.52365813
10030079879.8799	-99.29674802
10050099799.7998	-97.14541163
10070119719.7197	-97.45703088
10090139639.6396	-99.91477133
10110159559.5596	-99.43869729
10130179479.4795	-97.8720779
10150199399.3994	-98.10892699
10170219319.3193	-99.13555647
10190239239.2392	-99.18978222
10210259159.1592	-98.56830626
10230279079.0791	-99.39072112
10250298998.999	-99.97713857
10270318918.9189	-99.84756782
10290338838.8388	-99.49311159
10310358758.7588	-99.53899914
10330378678.6787	-99.03687036
10350398598.5986	-99.23574307
10370418518.5185	-99.8028665
10390438438.4384	-99.46209246
10410458358.3584	-97.55348826
10430478278.2783	-99.92947773
10450498198.1982	-100.285984
10470518118.1181	-98.22955422
10490538038.038	-98.42835948
10510557957.958	-102.173733
10530577877.8779	-101.0415766
10550597797.7978	-98.08855058
10570617717.7177	-98.82375132
10590637637.6376	-99.09419847
10610657557.5576	-101.1719885
10630677477.4775	-99.10606345
10650697397.3974	-99.92634598
10670717317.3173	-97.99229896
10690737237.2372	-97.95017129
10710757157.1572	-100.0719222
10730777077.0771	-98.75164734
10750796996.997	-101.0175037
10770816916.9169	-99.58976362
10790836836.8368	-100.1961176
10810856756.7568	-98.61324906
10830876676.6767	-99.91941814
10850896596.5966	-102.9360207
10870916516.5165	-101.963906
10890936436.4364	-100.9568193
10910956356.3564	-100.5620101
10930976276.2763	-99.20051631
10950996196.1962	-102.1059185
10971016116.1161	-100.9841586
10991036036.036	-102.2682955
11011055955.956	-101.0087774
11031075875.8759	-100.6386302
11051095795.7958	-100.6165588
11071115715.7157	-98.88103165
11091135635.6356	-100.4757624
11111155555.5556	-99.49896552
11131175475.4755	-99.35082958
11151195395.3954	-100.1956381
11171215315.3153	-99.21356055
11191235235.2352	-101.3623855
11211255155.1552	-101.2824144
11231275075.0751	-98.62855418
11251294994.995	-99.88757185
11271314914.9149	-100.1940507
11291334834.8348	-100.9535958
11311354754.7548	-102.4484692
11331374674.6747	-100.8854055
11351394594.5946	-98.94432173
11371414514.5145	-101.2569148
11391434434.4344	-100.4063719
11411454354.3544	-102.2711073
11431474274.2743	-100.6957026
11451494194.1942	-101.2884018
11471514114.1141	-100.5826884
11491534034.034	-100.1992145
11511553953.954	-102.1848949
11531573873.8739	-99.32695857
11551593793.7938	-100.2257558
11571613713.7137	-101.51143
11591633633.6336	-97.92562808
11611653553.5536	-99.80211385
11631673473.4735	-99.18042534
11651693393.3934	-100.709753
11671713313.3133	-99.51681063
11691733233.2332	-100.307427
11711753153.1532	-101.6948563
11731773073.0731	-103.4099169
11751792992.993	-102.2166774
11771812912.9129	-101.3848088
11791832832.8328	-99.6074466
11811852752.7528	-101.4657084
11831872672.6727	-100.950618
11851892592.5926	-100.5075176
11871912512.5125	-103.70271
11891932432.4324	-102.9729862
11911952352.3524	-100.2222651
11931972272.2723	-98.80292938
11951992192.1922	-107.8952992
11972012112.1121	-102.2447313
11992032032.032	-103.1480321
12012051951.952	-103.1098529
12032071871.8719	-102.8265427
12052091791.7918	-101.3590493
12072111711.7117	-100.6237204
12092131631.6316	-102.3878714
12112151551.5516	-103.6481302
12132171471.4715	-101.9973669
12152191391.3914	-101.4642786
12172211311.3113	-102.880523
12192231231.2312	-100.268794
12212251151.1512	-100.0547608
12232271071.0711	-102.0004752
12252290990.991	-106.0373923
12272310910.9109	-101.5184966
12292330830.8308	-105.2375118
12312350750.7507	-105.3375294
12332370670.6707	-102.6868816
12352390590.5906	-103.421558
12372410510.5105	-103.6785998
12392430430.4304	-101.7199052
12412450350.3503	-102.4705052
12432470270.2703	-101.0243423
12452490190.1902	-101.1169244
12472510110.1101	-101.2608307
12492530030.03	-101.8264476
12512549949.9499	-103.1467151
12532569869.8699	-101.8927157
12552589789.7898	-101.5001022
12572609709.7097	-105.880488
12592629629.6296	-100.7918297
12612649549.5495	-102.9865651
12632669469.4695	-102.289146
12652689389.3894	-104.9272383
12672709309.3093	-106.1476302
12692729229.2292	-102.6082082
12712749149.1491	-102.4493167
12732769069.0691	-103.8085934
12752788988.989	-103.148028
12772808908.9089	-102.0917233
12792828828.8288	-99.94867886
12812848748.7487	-103.072375
12832868668.6687	-102.2126293
12852888588.5886	-104.6958404
12872908508.5085	-99.94925611
12892928428.4284	-101.3344796
12912948348.3483	-101.536441
12932968268.2683	-101.1483406
12952988188.1882	-107.0083888
12973008108.1081	-105.809947
12993028028.028	-101.9873982
13013047947.9479	-101.4741711
13033067867.8679	-103.1717637
13053087787.7878	-105.6660389
13073107707.7077	-106.1984695
13093127627.6276	-102.3531671
13113147547.5475	-103.0594003
13133167467.4675	-102.0927174
13153187387.3874	-101.0293151
13173207307.3073	-102.8640099
13193227227.2272	-107.7440578
13213247147.1471	-102.3991947
13233267067.0671	-107.370209
13253286986.987	-103.9509456
13273306906.9069	-102.3195656
13293326826.8268	-101.4181442
13313346746.7467	-104.6386625
13333366666.6667	-101.6308067
13353386586.5866	-102.8047067
13373406506.5065	-103.9657854
13393426426.4264	-104.782112
13413446346.3463	-106.4259353
13433466266.2663	-102.9676041
13453486186.1862	-104.1766606
13473506106.1061	-102.9666629
13493526026.026	-103.7660916
13513545945.9459	-102.6187295
13533565865.8659	-104.2797063
13553585785.7858	-100.7325611
13573605705.7057	-98.8993983
13593625625.6256	-104.5332472
13613645545.5455	-104.9871407
13633665465.4655	-103.7635223
13653685385.3854	-104.4569951
13673705305.3053	-104.605381
13693725225.2252	-104.4657962
13713745145.1451	-101.8075719
13733765065.0651	-105.5738207
13753784984.985	-104.3820137
13773804904.9049	-106.3719693
13793824824.8248	-103.7102651
13813844744.7447	-100.2660301
13833864664.6647	-102.6362144
13853884584.5846	-104.4794306
13873904504.5045	-103.0903905
13893924424.4244	-105.1055846
13913944344.3443	-107.3952923
13933964264.2643	-104.7643111
13953984184.1842	-109.5048111
13974004104.1041	-105.5546563
13994024024.024	-101.5340287
14014043943.9439	-105.6330267
14034063863.8639	-103.0278179
14054083783.7838	-106.0133835
14074103703.7037	-101.8000668
14094123623.6236	-102.6773771
14114143543.5435	-101.9263397
14134163463.4635	-104.2464691
14154183383.3834	-107.3863017
14174203303.3033	-105.1633351
14194223223.2232	-102.0117102
14214243143.1431	-106.3603501
14234263063.0631	-109.6079177
14254282982.983	-103.8892068
14274302902.9029	-107.3882697
14294322822.8228	-102.7017906
14314342742.7427	-105.3297429
14334362662.6627	-108.1085108
14354382582.5826	-107.8886722
14374402502.5025	-105.0289899
14394422422.4224	-105.9677783
14414442342.3423	-111.1340816
14434462262.2623	-104.5141917
14454482182.1822	-105.518821
14474502102.1021	-104.4778916
14494522022.022	-104.3339218
14514541941.9419	-103.8818987
14534561861.8619	-103.328653
14554581781.7818	-105.6132128
14574601701.7017	-103.6226574
14594621621.6216	-106.4176538
14614641541.5415	-103.2963857
14634661461.4615	-108.0256911
14654681381.3814	-107.096998
14674701301.3013	-103.4157513
14694721221.2212	-109.4721601
14714741141.1411	-109.6283875
14734761061.0611	-106.3678403
14754780980.981	-107.6637712
14774800900.9009	-104.8658497
14794820820.8208	-106.8027281
14814840740.7407	-106.9343736
14834860660.6607	-107.0428423
14854880580.5806	-112.0191237
14874900500.5005	-108.1401038
14894920420.4204	-102.4000872
14914940340.3403	-104.8879135
14934960260.2603	-106.6396041
14954980180.1802	-105.8872284
14975000100.1001	-108.8631463
14995020020.02	-105.1565067
15015039939.9399	-105.6731895
15035059859.8599	-105.3650233
15055079779.7798	-106.9357725
15075099699.6997	-105.9394598
15095119619.6196	-106.6680839
15115139539.5395	-106.6342768
15135159459.4595	-108.6431154
15155179379.3794	-107.6372655
15175199299.2993	-105.641843
15195219219.2192	-104.8190633
15215239139.1391	-110.3469171
15235259059.0591	-108.5556204
15255278978.979	-105.9665085
15275298898.8989	-104.9796063
15295318818.8188	-106.9247318
15315338738.7387	-106.3589444
15335358658.6587	-106.7946035
15355378578.5786	-107.0008288
15375398498.4985	-107.6512973
15395418418.4184	-106.8702906
15415438338.3383	-102.7653305
15435458258.2583	-115.4831473
15455478178.1782	-107.8857408
15475498098.0981	-107.150552
15495518018.018	-105.5298055
15515537937.9379	-105.3507583
15535557857.8579	-104.1448105
15555577777.7778	-109.9239972
15575597697.6977	-110.2405034
15595617617.6176	-106.2606019
15615637537.5375	-111.521085
15635657457.4575	-108.2010049
15655677377.3774	-112.624604
15675697297.2973	-106.9734258
15695717217.2172	-106.38757
15715737137.1371	-106.4454607
15735757057.0571	-111.2816553
15755776976.977	-106.0625589
15775796896.8969	-112.1676666
15795816816.8168	-109.8666602
15815836736.7367	-109.6844962
15835856656.6567	-106.901743
15855876576.5766	-103.6940031
15875896496.4965	-108.3711742
15895916416.4164	-108.2939939
15915936336.3363	-107.8938124
15935956256.2563	-104.4532327
15955976176.1762	-108.8952397
15975996096.0961	-105.1985751
15996016016.016	-109.5486785
16016035935.9359	-110.7980451
16036055855.8559	-108.1869122
16056075775.7758	-107.2115393
16076095695.6957	-108.2989652
16096115615.6156	-104.3094748
16116135535.5355	-105.2891391
16136155455.4555	-107.5553139
16156175375.3754	-107.7398161
16176195295.2953	-111.7616898
16196215215.2152	-107.0531346
16216235135.1351	-109.8509173
16236255055.0551	-108.3233699
16256274974.975	-106.5642798
16276294894.8949	-104.5958585
16296314814.8148	-109.2723823
16316334734.7347	-107.89957
16336354654.6547	-118.7071495
16356374574.5746	-112.2243789
16376394494.4945	-122.5270814
16396414414.4144	-112.5800181
16416434334.3343	-105.9107867
16436454254.2543	-113.9833285
16456474174.1742	-110.6711132
16476494094.0941	-112.901856
16496514014.014	-113.2689466
16516533933.9339	-112.1551142
16536553853.8539	-104.4806946
16556573773.7738	-111.8129346
16576593693.6937	-105.615499
16596613613.6136	-111.6161686
16616633533.5335	-119.8535078
16636653453.4535	-104.2098377
16656673373.3734	-106.1689326
16676693293.2933	-109.1269727
16696713213.2132	-112.1735014
16716733133.1331	-108.6897327
16736753053.0531	-109.0537226
16756772972.973	-105.018901
16776792892.8929	-103.3761848
16796812812.8128	-121.7221969
16816832732.7327	-113.1364831
16836852652.6527	-106.1878678
16856872572.5726	-107.3487154
16876892492.4925	-112.7797103
16896912412.4124	-108.8832412
16916932332.3323	-120.3668946
16936952252.2523	-108.2367417
16956972172.1722	-112.3263725
16976992092.0921	-108.5176068
16997012012.012	-101.1498747
17017031931.9319	-108.0212899
17037051851.8519	-106.0282718
17057071771.7718	-106.4063574
17077091691.6917	-106.0991846
17097111611.6116	-130.691977
17117131531.5315	-115.1019793
17137151451.4515	-119.7711876
17157171371.3714	-117.5235529
17177191291.2913	-129.990494
17197211211.2112	-115.8908262
17217231131.1311	-104.4204791
17237251051.0511	-110.2238116
17257270970.971	-125.0432504
17277290890.8909	-121.9955984
17297310810.8108	-106.8529245
17317330730.7307	-113.499687
17337350650.6507	-107.3325836
17357370570.5706	-115.3512452
17377390490.4905	-112.4895352
17397410410.4104	-119.0637555
17417430330.3303	-109.0601199
17437450250.2502	-113.7955572
17457470170.1702	-115.822699
17477490090.0901	-102.8377077
17497510010.01	-114.2545441
17517529929.9299	-115.3892628
17537549849.8498	-109.1148322
17557569769.7698	-109.3409284
17577589689.6897	-109.5222862
17597609609.6096	-112.9101971
17617629529.5295	-114.8252008
17637649449.4494	-109.9839367
17657669369.3694	-107.5231965
17677689289.2893	-112.5353038
17697709209.2092	-106.1466903
17717729129.1291	-108.6871242
17737749049.049	-105.4051608
17757768968.969	-107.9605083
17777788888.8889	-111.7317867
17797808808.8088	-127.1838705
17817828728.7287	-117.6477725
17837848648.6486	-104.3301095
17857868568.5686	-110.194127
17877888488.4885	-121.7932341
17897908408.4084	-112.9200352
17917928328.3283	-113.8090284
17937948248.2482	-110.8014781
17957968168.1682	-104.2258533
17977988088.0881	-120.162168
17998008008.008	-106.5066909
18018027927.9279	-106.5002454
18038047847.8478	-114.4570686
18058067767.7678	-103.5745793
18078087687.6877	-110.7373404
18098107607.6076	-113.2108914
18118127527.5275	-117.3073689
18138147447.4474	-114.6872438
18158167367.3674	-107.6830979
18178187287.2873	-120.5938393
18198207207.2072	-116.1856362
18218227127.1271	-108.4829601
18238247047.047	-109.6892912
18258266966.967	-112.6666914
18278286886.8869	-106.4789498
18298306806.8068	-116.3882693
18318326726.7267	-110.4198032
18338346646.6466	-114.7648923
18358366566.5666	-111.8082409
18378386486.4865	-106.4824783
18398406406.4064	-111.8559402
18418426326.3263	-110.1823068
18438446246.2462	-111.4613006
18458466166.1662	-107.5358671
18478486086.0861	-123.6306367
18498506006.006	-108.7773429
18518525925.9259	-111.1579496
18538545845.8458	-120.352349
18558565765.7658	-140.8220063
18578585685.6857	-115.9285745
18598605605.6056	-120.5785897
18618625525.5255	-108.8909258
18638645445.4454	-105.6951324
18658665365.3654	-107.0762898
18678685285.2853	-108.8490102
18698705205.2052	-108.1933755
18718725125.1251	-111.0215897
18738745045.045	-110.8684458
18758764964.965	-108.7878641
18778784884.8849	-110.3319582
18798804804.8048	-113.408767
18818824724.7247	-110.2827092
18838844644.6446	-116.7089318
18858864564.5646	-107.0950933
18878884484.4845	-107.2629078
18898904404.4044	-118.946996
18918924324.3243	-107.214246
18938944244.2442	-106.3873733
18958964164.1642	-121.6924529
18978984084.0841	-112.3689443
18999004004.004	-107.8967594
19019023923.9239	-111.6967131
19039043843.8438	-103.5690817
19059063763.7638	-120.580837
19079083683.6837	-106.253034
19099103603.6036	-111.0925797
19119123523.5235	-108.9146543
19139143443.4434	-108.5484041
19159163363.3634	-118.7398814
19179183283.2833	-103.8101275
19199203203.2032	-112.1590666
19219223123.1231	-115.4357232
19239243043.043	-107.1408342
19259262962.963	-109.754571
19279282882.8829	-107.6022415
19299302802.8028	-112.9907249
19319322722.7227	-110.6975428
19339342642.6426	-118.2447435
19359362562.5626	-110.8704968
19379382482.4825	-106.9273758
19399402402.4024	-115.3266773
19419422322.3223	-116.8187866
19439442242.2422	-106.310759
19459462162.1622	-121.9787673
19479482082.0821	-112.3164995
19499502002.002	-110.1279519
19519521921.9219	-116.598381
19539541841.8418	-107.6885092
19559561761.7618	-113.1182689
19579581681.6817	-114.2814731
19599601601.6016	-115.3601342
19619621521.5215	-108.9670276
19639641441.4414	-110.0194999
19659661361.3614	-111.2279632
19679681281.2813	-108.4729765
19699701201.2012	-110.7762047
19719721121.1211	-110.962868
19739741041.041	-119.4630941
19759760960.961	-118.913069
19779780880.8809	-110.6757484
19799800800.8008	-115.5039335
19819820720.7207	-108.0988557
19839840640.6406	-112.3218898
19859860560.5606	-110.5416363
19879880480.4805	-112.0226238
19899900400.4004	-112.2648105
19919920320.3203	-110.8314884
19939940240.2402	-111.0415493
19959960160.1602	-113.0197628
19979980080.0801	-119.6311896
20000000000	-106.0541823
