# S12_frequency_set	VNA_S12_trace
# "S12 frequency"	"S12 magnitude"
# 1000
100000	-0.2737123958
20119919.9199199	-0.5888147539
40139839.8398398	-0.7659318248
60159759.7597598	-0.9257347517
80179679.6796797	-1.038356234
100199599.5996	-1.15018422
120219519.51952	-1.25124598
140239439.439439	-1.339912002
160259359.359359	-1.439310109
180279279.279279	-1.531723778
200299199.199199	-1.614553518
220319119.119119	-1.686093346
240339039.039039	-1.760412951
260358958.958959	-1.817401239
280378878.878879	-1.894585057
300398798.798799	-1.96270737
320418718.718719	-2.028512126
340438638.638639	-2.127439935
360458558.558559	-2.160797625
380478478.478478	-2.209968049
400498398.398398	-2.272076274
420518318.318318	-2.307973995
440538238.238238	-2.37355192
460558158.158158	-2.419429318
480578078.078078	-2.452550423
500597997.997998	-2.51405168
520617917.917918	-2.558688431
540637837.837838	-2.62808187
560657757.757758	-2.660735031
580677677.677678	-2.698535565
600697597.597598	-2.753710675
620717517.517517	-2.799899621
640737437.437437	-2.846986154
660757357.357357	-2.900678634
680777277.277277	-2.947029095
700797197.197197	-2.967631112
720817117.117117	-3.031514074
740837037.037037	-3.06024089
760856956.956957	-3.120121741
780876876.876877	-3.159263971
800896796.796797	-3.198863721
820916716.716717	-3.273765973
840936636.636637	-3.303908147
860956556.556557	-3.356814153
880976476.476476	-3.404689582
900996396.396396	-3.397780172
921016316.316316	-3.471541147
941036236.236236	-3.486332915
961056156.156156	-3.518363034
981076076.076076	-3.560903333
1001095995.996	-3.596119025
1021115915.91592	-3.689011022
1041135835.83584	-3.662624731
1061155755.75576	-3.706547806
1081175675.67568	-3.727957672
1101195595.5956	-3.774346058
1121215515.51552	-3.81839842
1141235435.43544	-3.835894803
1161255355.35536	-3.868861518
1181275275.27528	-3.908148876
1201295195.1952	-3.946960731
1221315115.11512	-4.003710439
1241335035.03503	-4.007790591
1261354954.95495	-4.058561899
1281374874.87487	-4.077747753
1301394794.79479	-4.120016975
1321414714.71471	-4.154437401
1341434634.63463	-4.190404196
1361454554.55455	-4.226056539
1381474474.47447	-4.246674627
1401494394.39439	-4.295914678
1421514314.31431	-4.318399296
1441534234.23423	-4.345583466
1461554154.15415	-4.385250225
1481574074.07407	-4.402741669
1501593993.99399	-4.446581975
1521613913.91391	-4.458774503
1541633833.83383	-4.493821967
1561653753.75375	-4.522692914
1581673673.67367	-4.551340292
1601693593.59359	-4.587110416
1621713513.51351	-4.616953333
1641733433.43343	-4.655218455
1661753353.35335	-4.687908299
1681773273.27327	-4.715656881
1701793193.19319	-4.761761283
1721813113.11311	-4.784566915
1741833033.03303	-4.847981746
1761852952.95295	-4.862677821
1781872872.87287	-4.906947121
1801892792.79279	-4.941315901
1821912712.71271	-4.972747137
1841932632.63263	-5.023974801
1861952552.55255	-5.058438449
1881972472.47247	-5.094168194
1901992392.39239	-5.128761793
1922012312.31231	-5.147481957
1942032232.23223	-5.189365155
1962052152.15215	-5.215017572
1982072072.07207	-5.255143067
2002091991.99199	-5.316584457
2022111911.91191	-5.332019559
2042131831.83183	-5.373729283
2062151751.75175	-5.40024724
2082171671.67167	-5.446995613
2102191591.59159	-5.47420043
2122211511.51151	-5.518839996
2142231431.43143	-5.547144116
2162251351.35135	-5.588927844
2182271271.27127	-5.604497812
2202291191.19119	-5.663812424
2222311111.11111	-5.664175164
2242331031.03103	-5.72723418
2262350950.95095	-5.740726761
2282370870.87087	-5.781502113
2302390790.79079	-5.80711344
2322410710.71071	-5.844938393
2342430630.63063	-5.866513349
2362450550.55055	-5.908379622
2382470470.47047	-5.902308741
2402490390.39039	-5.964488706
2422510310.31031	-5.975599479
2442530230.23023	-6.038998048
2462550150.15015	-6.037877128
2482570070.07007	-6.057297576
2502589989.98999	-6.097761063
2522609909.90991	-6.159555995
2542629829.82983	-6.192059442
2562649749.74975	-6.219131997
2582669669.66967	-6.232059886
2602689589.58959	-6.282086014
2622709509.50951	-6.312137927
2642729429.42943	-6.35234836
2662749349.34935	-6.371334598
2682769269.26927	-6.405354458
2702789189.18919	-6.44539728
2722809109.10911	-6.47958695
2742829029.02903	-6.499730835
2762848948.94895	-6.529489348
2782868868.86887	-6.571738381
2802888788.78879	-6.615741014
2822908708.70871	-6.628767185
2842928628.62863	-6.650142146
2862948548.54855	-6.676071094
2882968468.46847	-6.697929966
2902988388.38839	-6.75840535
2923008308.30831	-6.800197153
2943028228.22823	-6.799142968
2963048148.14815	-6.828587306
2983068068.06807	-6.868338332
3003087987.98799	-6.898370677
3023107907.90791	-6.933720908
3043127827.82783	-6.942935648
3063147747.74775	-6.966189898
3083167667.66767	-6.990487653
3103187587.58759	-7.014028644
3123207507.50751	-7.044717414
3143227427.42743	-7.061090986
3163247347.34735	-7.098817615
3183267267.26727	-7.120653655
3203287187.18719	-7.135830829
3223307107.10711	-7.161353119
3243327027.02703	-7.178996417
3263346946.94695	-7.263268745
3283366866.86687	-7.24441514
3303386786.78679	-7.243940802
3323406706.70671	-7.267600725
3343426626.62663	-7.29157308
3363446546.54655	-7.360419816
3383466466.46647	-7.350440939
3403486386.38639	-7.335736602
3423506306.30631	-7.366104485
3443526226.22623	-7.372228993
3463546146.14615	-7.434461287
3483566066.06607	-7.419645321
3503585985.98599	-7.455813114
3523605905.90591	-7.480187146
3543625825.82583	-7.489652603
3563645745.74575	-7.519926321
3583665665.66567	-7.504844389
3603685585.58559	-7.580368143
3623705505.50551	-7.595861886
3643725425.42543	-7.573609733
3663745345.34535	-7.584371411
3683765265.26526	-7.590078466
3703785185.18518	-7.655113784
3723805105.1051	-7.712394532
3743825025.02502	-7.650376718
3763844944.94494	-7.661470629
3783864864.86486	-7.660756414
3803884784.78478	-7.725773846
3823904704.7047	-7.71595132
3843924624.62462	-7.721306386
3863944544.54454	-7.73231608
3883964464.46446	-7.753000329
3903984384.38438	-7.788076271
3924004304.3043	-7.796445792
3944024224.22422	-7.821329789
3964044144.14414	-7.876548386
3984064064.06406	-7.875309192
4004083983.98398	-7.915999379
4024103903.9039	-7.914517736
4044123823.82382	-7.927283915
4064143743.74374	-7.977300002
4084163663.66366	-7.981278836
4104183583.58358	-7.980228729
4124203503.5035	-8.006592706
4144223423.42342	-8.042617858
4164243343.34334	-8.065481728
4184263263.26326	-8.073150454
4204283183.18318	-8.097173509
4224303103.1031	-8.101935514
4244323023.02302	-8.128038511
4264342942.94294	-8.159299374
4284362862.86286	-8.189543728
4304382782.78278	-8.207421878
4324402702.7027	-8.229881344
4344422622.62262	-8.285415128
4364442542.54254	-8.324878586
4384462462.46246	-8.332062105
4404482382.38238	-8.336463426
4424502302.3023	-8.358953287
4444522222.22222	-8.371097677
4464542142.14214	-8.423168126
4484562062.06206	-8.457797078
4504581981.98198	-8.458783693
4524601901.9019	-8.481488301
4544621821.82182	-8.520235326
4564641741.74174	-8.519406951
4584661661.66166	-8.534229058
4604681581.58158	-8.541242701
4624701501.5015	-8.617225575
4644721421.42142	-8.612374969
4664741341.34134	-8.611964581
4684761261.26126	-8.643798073
4704781181.18118	-8.676093233
4724801101.1011	-8.724723507
4744821021.02102	-8.73865762
4764840940.94094	-8.708308777
4784860860.86086	-8.735760408
4804880780.78078	-8.778513298
4824900700.7007	-8.879106318
4844920620.62062	-8.830150198
4864940540.54054	-8.820848978
4884960460.46046	-8.866119049
4904980380.38038	-8.892140799
4925000300.3003	-8.912224974
4945020220.22022	-8.89369455
4965040140.14014	-8.964613726
4985060060.06006	-9.045275999
5005079979.97998	-9.008407477
5025099899.8999	-9.022659433
5045119819.81982	-9.003533219
5065139739.73974	-9.042593582
5085159659.65966	-9.089878023
5105179579.57958	-9.024121467
5125199499.4995	-9.024653199
5145219419.41942	-9.054280231
5165239339.33934	-9.217069237
5185259259.25926	-9.210989498
5205279179.17918	-9.138180301
5225299099.0991	-9.160148405
5245319019.01902	-9.16480785
5265338938.93894	-9.225385212
5285358858.85886	-9.236416413
5305378778.77878	-9.236103343
5325398698.6987	-9.333867704
5345418618.61862	-9.271631416
5365438538.53854	-9.337267648
5385458458.45846	-9.301789388
5405478378.37838	-9.328190345
5425498298.2983	-9.373574788
5445518218.21822	-9.402944124
5465538138.13814	-9.392360207
5485558058.05806	-9.416686236
5505577977.97798	-9.583646377
5525597897.8979	-9.57125484
5545617817.81782	-9.481191797
5565637737.73774	-9.521944582
5585657657.65766	-9.498011011
5605677577.57758	-9.540349957
5625697497.4975	-9.56190516
5645717417.41742	-9.58401758
5665737337.33734	-9.621572397
5685757257.25726	-9.606942631
5705777177.17718	-9.678076987
5725797097.0971	-9.680685182
5745817017.01702	-9.70933972
5765836936.93694	-9.713298148
5785856856.85686	-9.758704851
5805876776.77678	-9.789582212
5825896696.6967	-9.83264371
5845916616.61662	-9.993600207
5865936536.53654	-9.895788043
5885956456.45646	-9.853552315
5905976376.37638	-9.891977649
5925996296.2963	-9.910450928
5946016216.21622	-9.923903193
5966036136.13614	-9.919977878
5986056056.05606	-10.00544123
6006075975.97598	-9.976796326
6026095895.8959	-10.02212132
6046115815.81582	-10.05652446
6066135735.73574	-10.0324661
6086155655.65566	-10.13207887
6106175575.57558	-10.07826681
6126195495.49549	-10.13238318
6146215415.41541	-10.21561817
6166235335.33533	-10.2055112
6186255255.25525	-10.41832081
6206275175.17517	-10.23102997
6226295095.09509	-10.23286939
6246315015.01501	-10.25072908
6266334934.93493	-10.35485815
6286354854.85485	-10.33613962
6306374774.77477	-10.27731737
6326394694.69469	-10.41031209
6346414614.61461	-10.36945319
6366434534.53453	-10.44233388
6386454454.45445	-10.51017245
6406474374.37437	-10.3667532
6426494294.29429	-10.5184436
6446514214.21421	-10.40600359
6466534134.13413	-10.42382295
6486554054.05405	-10.49252587
6506573973.97397	-10.44931023
6526593893.89389	-10.61818081
6546613813.81381	-10.46905888
6566633733.73373	-10.53406094
6586653653.65365	-10.50518046
6606673573.57357	-10.59454591
6626693493.49349	-10.6067665
6646713413.41341	-10.51729728
6666733333.33333	-10.61822825
6686753253.25325	-10.56718076
6706773173.17317	-10.61235096
6726793093.09309	-10.72483079
6746813013.01301	-10.53602865
6766832932.93293	-10.67317947
6786852852.85285	-10.57531061
6806872772.77277	-10.60030903
6826892692.69269	-10.61699708
6846912612.61261	-10.58939113
6866932532.53253	-10.69270215
6886952452.45245	-10.63681212
6906972372.37237	-10.74214355
6926992292.29229	-10.66971281
6947012212.21221	-10.74901651
6967032132.13213	-10.7803687
6987052052.05205	-10.71940774
7007071971.97197	-10.82800439
7027091891.89189	-10.74486472
7047111811.81181	-10.79164688
7067131731.73173	-10.83831305
7087151651.65165	-10.7838807
7107171571.57157	-10.89574865
7127191491.49149	-10.81945512
7147211411.41141	-10.87036307
7167231331.33133	-10.8731322
7187251251.25125	-10.901821
7207271171.17117	-10.97499597
7227291091.09109	-10.93773712
7247311011.01101	-11.11050472
7267330930.93093	-10.97153572
7287350850.85085	-11.03435053
7307370770.77077	-11.06652252
7327390690.69069	-11.04869213
7347410610.61061	-11.16678514
7367430530.53053	-11.07401189
7387450450.45045	-11.17594323
7407470370.37037	-11.14138554
7427490290.29029	-11.21936471
7447510210.21021	-11.28566607
7467530130.13013	-11.15919071
7487550050.05005	-11.24548081
7507569969.96997	-11.23334164
7527589889.88989	-11.2824024
7547609809.80981	-11.34419234
7567629729.72973	-11.26353307
7587649649.64965	-11.50310895
7607669569.56957	-11.31392428
7627689489.48949	-11.38371478
7647709409.40941	-11.37628542
7667729329.32933	-11.36168228
7687749249.24925	-11.47854175
7707769169.16917	-11.38118567
7727789089.08909	-11.51159456
7747809009.00901	-11.46865964
7767828928.92893	-11.52009934
7787848848.84885	-11.65804277
7807868768.76877	-11.45363867
7827888688.68869	-11.53840683
7847908608.60861	-11.51021188
7867928528.52853	-11.52410622
7887948448.44845	-11.59518657
7907968368.36837	-11.51328568
7927988288.28829	-11.7600379
7948008208.20821	-11.5957678
7968028128.12813	-11.65839114
7988048048.04805	-11.61741577
8008067967.96797	-11.55608978
8028087887.88789	-11.64578144
8048107807.80781	-11.55725569
8068127727.72773	-11.68859413
8088147647.64765	-11.65568271
8108167567.56757	-11.63899135
8128187487.48749	-11.77621826
8148207407.40741	-11.61169317
8168227327.32733	-11.66705987
8188247247.24725	-11.65300058
8208267167.16717	-11.67294111
8228287087.08709	-11.7080961
8248307007.00701	-11.70149428
8268326926.92693	-11.87840964
8288346846.84685	-11.73887305
8308366766.76677	-11.78200096
8328386686.68669	-11.79153834
8348406606.60661	-11.76797484
8368426526.52653	-11.84275747
8388446446.44645	-11.76560429
8408466366.36637	-11.88353711
8428486286.28629	-11.8526676
8448506206.20621	-11.85501141
8468526126.12613	-11.94244655
8488546046.04605	-11.88424654
8508565965.96597	-11.9312112
8528585885.88589	-11.9081455
8548605805.80581	-11.94163107
8568625725.72573	-11.95468476
8588645645.64565	-12.04722799
8608665565.56557	-12.21738611
8628685485.48549	-12.03671669
8648705405.40541	-12.08365777
8668725325.32533	-12.14605935
8688745245.24524	-12.14461991
8708765165.16516	-12.2083023
8728785085.08508	-12.1094622
8748805005.005	-12.23489405
8768824924.92492	-12.16536567
8788844844.84484	-12.2132744
8808864764.76476	-12.24283962
8828884684.68468	-12.2115608
8848904604.6046	-12.26264894
8868924524.52452	-12.18284661
8888944444.44444	-12.27216201
8908964364.36436	-12.29304656
8928984284.28428	-12.3760445
8949004204.2042	-12.57976446
8969024124.12412	-12.35283567
8989044044.04404	-12.3740079
9009063963.96396	-12.38541519
9029083883.88388	-12.38781549
9049103803.8038	-12.44499062
9069123723.72372	-12.34434612
9089143643.64364	-12.41530068
9109163563.56356	-12.38095264
9129183483.48348	-12.43877432
9149203403.4034	-12.47985725
9169223323.32332	-12.37758238
9189243243.24324	-12.42451924
9209263163.16316	-12.39977762
9229283083.08308	-12.44876587
9249303003.003	-12.45717937
9269322922.92292	-12.47817348
9289342842.84284	-12.64004915
9309362762.76276	-12.5114079
9329382682.68268	-12.50416728
9349402602.6026	-12.52455019
9369422522.52252	-12.50301699
9389442442.44244	-12.55419124
9409462362.36236	-12.50953208
9429482282.28228	-12.5637272
9449502202.2022	-12.54356934
9469522122.12212	-12.56759984
9489542042.04204	-12.63742851
9509561961.96196	-12.58541391
9529581881.88188	-12.60545598
9549601801.8018	-12.60207263
9569621721.72172	-12.64606738
9589641641.64164	-12.66204794
9609661561.56156	-12.66398303
9629681481.48148	-12.77410752
9649701401.4014	-12.7375031
9669721321.32132	-12.71049285
9689741241.24124	-12.75701435
9709761161.16116	-12.747729
9729781081.08108	-12.75757952
9749801001.001	-12.74265106
9769820920.92092	-12.77485006
9789840840.84084	-12.77167687
9809860760.76076	-12.78515609
9829880680.68068	-12.84990061
9849900600.6006	-12.85616278
9869920520.52052	-12.87081072
9889940440.44044	-12.89784814
9909960360.36036	-12.94036191
9929980280.28028	-12.94720199
9950000200.2002	-12.95703594
9970020120.12012	-13.04160551
9990040040.04004	-13.04119679
10010059959.96	-13.01674537
10030079879.8799	-13.06957259
10050099799.7998	-13.05656453
10070119719.7197	-13.04571239
10090139639.6396	-13.05424985
10110159559.5596	-13.08074578
10130179479.4795	-13.07858472
10150199399.3994	-13.09708499
10170219319.3193	-13.14114661
10190239239.2392	-13.16104942
10210259159.1592	-13.19665056
10230279079.0791	-13.23903343
10250298998.999	-13.30819748
10270318918.9189	-13.28518902
10290338838.8388	-13.30959159
10310358758.7588	-13.35950812
10330378678.6787	-13.32544215
10350398598.5986	-13.2821686
10370418518.5185	-13.28477252
10390438438.4384	-13.28387756
10410458358.3584	-13.27052778
10430478278.2783	-13.28843287
10450498198.1982	-13.33443217
10470518118.1181	-13.32584241
10490538038.038	-13.3378288
10510557957.958	-13.39376182
10530577877.8779	-13.38291554
10550597797.7978	-13.39757407
10570617717.7177	-13.44489688
10590637637.6376	-13.50960191
10610657557.5576	-13.53443988
10630677477.4775	-13.52698665
10650697397.3974	-13.60762202
10670717317.3173	-13.55367417
10690737237.2372	-13.46671285
10710757157.1572	-13.4422678
10730777077.0771	-13.45985254
10750796996.997	-13.47777759
10770816916.9169	-13.52323137
10790836836.8368	-13.58085218
10810856756.7568	-13.62239703
10830876676.6767	-13.64114214
10850896596.5966	-13.65684274
10870916516.5165	-13.65237685
10890936436.4364	-13.63194325
10910956356.3564	-13.65926032
10930976276.2763	-13.69114625
10950996196.1962	-13.7080228
10971016116.1161	-13.76635669
10991036036.036	-13.78922034
11011055955.956	-13.76989749
11031075875.8759	-13.69842732
11051095795.7958	-13.68308815
11071115715.7157	-13.71421571
11091135635.6356	-13.7651161
11111155555.5556	-13.82414974
11131175475.4755	-13.85353057
11151195395.3954	-13.93670573
11171215315.3153	-13.99327162
11191235235.2352	-13.95241514
11211255155.1552	-13.94491429
11231275075.0751	-13.87619893
11251294994.995	-13.91135656
11271314914.9149	-13.92652377
11291334834.8348	-13.91501388
11311354754.7548	-13.97887404
11331374674.6747	-13.974843
11351394594.5946	-13.98286027
11371414514.5145	-13.96726157
11391434434.4344	-13.93430614
11411454354.3544	-13.98465052
11431474274.2743	-14.04300003
11451494194.1942	-14.13842387
11471514114.1141	-14.12008906
11491534034.034	-14.17914018
11511553953.954	-14.26024205
11531573873.8739	-14.18297434
11551593793.7938	-14.15876461
11571613713.7137	-14.12135908
11591633633.6336	-14.12797114
11611653553.5536	-14.15733682
11631673473.4735	-14.18252955
11651693393.3934	-14.27661304
11671713313.3133	-14.20798665
11691733233.2332	-14.21019526
11711753153.1532	-14.22351043
11731773073.0731	-14.18671938
11751792992.993	-14.2417314
11771812912.9129	-14.26236669
11791832832.8328	-14.37572825
11811852752.7528	-14.39783195
11831872672.6727	-14.48426162
11851892592.5926	-14.54116691
11871912512.5125	-14.3799753
11891932432.4324	-14.373524
11911952352.3524	-14.33862474
11931972272.2723	-14.3459248
11951992192.1922	-14.38698606
11972012112.1121	-14.45304583
11992032032.032	-14.56414209
12012051951.952	-14.48336562
12032071871.8719	-14.48143349
12052091791.7918	-14.47733042
12072111711.7117	-14.43832244
12092131631.6316	-14.49228343
12112151551.5516	-14.50329524
12132171471.4715	-14.60638338
12152191391.3914	-14.61889458
12172211311.3113	-14.77370292
12192231231.2312	-14.86809646
12212251151.1512	-14.64244265
12232271071.0711	-14.63560088
12252290990.991	-14.59357802
12272310910.9109	-14.61362388
12292330830.8308	-14.63087606
12312350750.7507	-14.68990519
12332370670.6707	-14.84939855
12352390590.5906	-14.72570429
12372410510.5105	-14.7448605
12392430430.4304	-14.73493123
12412450350.3503	-14.68399098
12432470270.2703	-14.7341375
12452490190.1902	-14.73609024
12472510110.1101	-14.81719467
12492530030.03	-14.84212976
12512549949.9499	-15.06177121
12532569869.8699	-15.16863372
12552589789.7898	-14.90096267
12572609709.7097	-14.84420861
12592629629.6296	-14.80688185
12612649549.5495	-14.8056835
12632669469.4695	-14.8332217
12652689389.3894	-14.88839602
12672709309.3093	-14.98352813
12692729229.2292	-14.89727051
12712749149.1491	-14.97467205
12732769069.0691	-15.01476095
12752788988.989	-14.92807556
12772808908.9089	-14.97907502
12792828828.8288	-15.01493216
12812848748.7487	-15.07519681
12832868668.6687	-15.07573666
12852888588.5886	-15.28031231
12872908508.5085	-15.40889803
12892928428.4284	-15.17731146
12912948348.3483	-15.08734122
12932968268.2683	-15.05987044
12952988188.1882	-15.05195564
12973008108.1081	-15.06731137
12993028028.028	-15.16171834
13013047947.9479	-15.22240703
13033067867.8679	-15.12139212
13053087787.7878	-15.24018153
13073107707.7077	-15.29063568
13093127627.6276	-15.23382718
13113147547.5475	-15.20477546
13133167467.4675	-15.24846214
13153187387.3874	-15.32861013
13173207307.3073	-15.32969837
13193227227.2272	-15.59689386
13213247147.1471	-15.63166757
13233267067.0671	-15.40536665
13253286986.987	-15.33240238
13273306906.9069	-15.3030434
13293326826.8268	-15.34481394
13313346746.7467	-15.32892453
13333366666.6667	-15.46524145
13353386586.5866	-15.52288867
13373406506.5065	-15.44039624
13393426426.4264	-15.62389291
13413446346.3463	-15.62174518
13433466266.2663	-15.54151298
13453486186.1862	-15.4782725
13473506106.1061	-15.46332427
13493526026.026	-15.5539941
13513545945.9459	-15.52029398
13533565865.8659	-15.74656082
13553585785.7858	-15.78544072
13573605705.7057	-15.57055112
13593625625.6256	-15.53269326
13613645545.5455	-15.52149869
13633665465.4655	-15.5724523
13653685385.3854	-15.58975936
13673705305.3053	-15.744916
13693725225.2252	-15.85232693
13713745145.1451	-15.77273361
13733765065.0651	-15.95509868
13753784984.985	-15.99873694
13773804904.9049	-15.86130874
13793824824.8248	-15.75608657
13813844744.7447	-15.69341117
13833864664.6647	-15.73556801
13853884584.5846	-15.71586661
13873904504.5045	-15.90997421
13893924424.4244	-15.94418145
13913944344.3443	-15.7769168
13933964264.2643	-15.79336132
13953984184.1842	-15.79804199
13974004104.1041	-15.81689434
13994024024.024	-15.83004114
14014043943.9439	-15.97236689
14034063863.8639	-16.03411704
14054083783.7838	-15.9643237
14074103703.7037	-16.16354722
14094123623.6236	-16.21532457
14114143543.5435	-16.06095344
14134163463.4635	-15.95026342
14154183383.3834	-15.90347339
14174203303.3033	-15.93230228
14194223223.2232	-15.97423664
14214243143.1431	-16.14427014
14234263063.0631	-16.16090484
14254282982.983	-16.06737329
14274302902.9029	-16.11758046
14294322822.8228	-16.16864462
14314342742.7427	-16.111127
14334362662.6627	-16.09620141
14354382582.5826	-16.18924198
14374402502.5025	-16.22834427
14394422422.4224	-16.20422661
14414442342.3423	-16.33886193
14434462262.2623	-16.41771163
14454482182.1822	-16.33665794
14474502102.1021	-16.24066984
14494522022.022	-16.21996809
14514541941.9419	-16.24046501
14534561861.8619	-16.33164798
14554581781.7818	-16.51375299
14574601701.7017	-16.48470231
14594621621.6216	-16.38474285
14614641541.5415	-16.432018
14634661461.4615	-16.51256816
14654681381.3814	-16.43824771
14674701301.3013	-16.34563542
14694721221.2212	-16.38176907
14714741141.1411	-16.42065218
14734761061.0611	-16.45413553
14754780980.981	-16.55884889
14774800900.9009	-16.57248397
14794820820.8208	-16.51976879
14814840740.7407	-16.47319559
14834860660.6607	-16.48641805
14854880580.5806	-16.48639764
14874900500.5005	-16.54091518
14894920420.4204	-16.69022421
14914940340.3403	-16.67486888
14934960260.2603	-16.58769906
14954980180.1802	-16.62556916
14975000100.1001	-16.70215392
14995020020.02	-16.66871134
15015039939.9399	-16.59786914
15035059859.8599	-16.59414583
15055079779.7798	-16.63626698
15075099699.6997	-16.71312359
15095119619.6196	-16.81995286
15115139539.5395	-16.80911725
15135159459.4595	-16.73613168
15155179379.3794	-16.70323079
15175199299.2993	-16.70534133
15195219219.2192	-16.68012945
15215239139.1391	-16.67376626
15235259059.0591	-16.78165246
15255278978.979	-16.80996136
15275298898.8989	-16.75227983
15295318818.8188	-16.77376164
15315338738.7387	-16.81908883
15335358658.6587	-16.82395209
15355378578.5786	-16.77352366
15375398498.4985	-16.78631679
15395418418.4184	-16.844165
15415438338.3383	-16.92877056
15435458258.2583	-17.02862231
15455478178.1782	-17.03300523
15475498098.0981	-16.96989468
15495518018.018	-16.93439669
15515537937.9379	-16.94904471
15535557857.8579	-16.90991248
15555577777.7778	-16.91009832
15575597697.6977	-16.9773477
15595617617.6176	-17.0251268
15615637537.5375	-17.02141024
15635657457.4575	-17.0481147
15655677377.3774	-17.10164144
15675697297.2973	-17.07483005
15695717217.2172	-17.03952928
15715737137.1371	-17.05931943
15735757057.0571	-17.10178849
15755776976.977	-17.17978841
15775796896.8969	-17.22825332
15795816816.8168	-17.28025871
15815836736.7367	-17.31239744
15835856656.6567	-17.26192994
15855876576.5766	-17.26298751
15875896496.4965	-17.24834741
15895916416.4164	-17.27738364
15915936336.3363	-17.34739521
15935956256.2563	-17.40732595
15955976176.1762	-17.43778231
15975996096.0961	-17.50180199
15996016016.016	-17.57795505
16016035935.9359	-17.60971462
16036055855.8559	-17.52546636
16056075775.7758	-17.56797143
16076095695.6957	-17.50759788
16096115615.6156	-17.55370997
16116135535.5355	-17.5858638
16136155455.4555	-17.60988173
16156175375.3754	-17.68360615
16176195295.2953	-17.68799681
16196215215.2152	-17.70011801
16216235135.1351	-17.68250343
16236255055.0551	-17.72533697
16256274974.975	-17.82157257
16276294894.8949	-17.85552761
16296314814.8148	-17.92455232
16316334734.7347	-18.04719001
16336354654.6547	-18.17458763
16356374574.5746	-18.17006219
16376394494.4945	-18.03823601
16396414414.4144	-18.0052741
16416434334.3343	-18.03976259
16436454254.2543	-18.05046051
16456474174.1742	-18.06639584
16476494094.0941	-18.04481812
16496514014.014	-18.1148746
16516533933.9339	-18.17257744
16536553853.8539	-18.24381782
16556573773.7738	-18.22108321
16576593693.6937	-18.213499
16596613613.6136	-18.31502717
16616633533.5335	-18.34867208
16636653453.4535	-18.42488688
16656673373.3734	-18.56806559
16676693293.2933	-18.67152638
16696713213.2132	-18.73032031
16716733133.1331	-18.61230306
16736753053.0531	-18.55890587
16756772972.973	-18.67698699
16776792892.8929	-18.68034618
16796812812.8128	-18.76919403
16816832732.7327	-18.79368118
16836852652.6527	-18.92314674
16856872572.5726	-19.03948658
16876892492.4925	-19.04132703
16896912412.4124	-18.97404152
16916932332.3323	-18.87338318
16936952252.2523	-18.93387578
16956972172.1722	-18.93048126
16976992092.0921	-18.94885925
16997012012.012	-19.07977899
17017031931.9319	-19.0927136
17037051851.8519	-19.1395919
17057071771.7718	-19.06509789
17077091691.6917	-19.0807471
17097111611.6116	-19.27752768
17117131531.5315	-19.37445035
17137151451.4515	-19.52114697
17157171371.3714	-19.60226374
17177191291.2913	-19.77332688
17197211211.2112	-19.8739571
17217231131.1311	-19.81284786
17237251051.0511	-19.66387339
17257270970.971	-19.47189503
17277290890.8909	-19.47309957
17297310810.8108	-19.46009543
17317330730.7307	-19.38851054
17337350650.6507	-19.48298134
17357370570.5706	-19.4597453
17377390490.4905	-19.48916953
17397410410.4104	-19.49661402
17417430330.3303	-19.4450722
17437450250.2502	-19.66297574
17457470170.1702	-19.74951304
17477490090.0901	-19.86648974
17497510010.01	-19.87282806
17517529929.9299	-19.91387984
17537549849.8498	-19.97254068
17557569769.7698	-19.8501733
17577589689.6897	-19.706819
17597609609.6096	-19.51914191
17617629529.5295	-19.51001186
17637649449.4494	-19.51081162
17657669369.3694	-19.44334138
17677689289.2893	-19.51269343
17697709209.2092	-19.4836075
17717729129.1291	-19.48661691
17737749049.049	-19.47378294
17757768968.969	-19.39835729
17777788888.8889	-19.39089786
17797808808.8088	-19.37861948
17817828728.7287	-19.43818415
17837848648.6486	-19.43014852
17857868568.5686	-19.44395964
17877888488.4885	-19.43668857
17897908408.4084	-19.43401443
17917928328.3283	-19.44712344
17937948248.2482	-19.36215369
17957968168.1682	-19.38469698
17977988088.0881	-19.37652477
17998008008.008	-19.41866886
18018027927.9279	-19.52302721
18038047847.8478	-19.5162679
18058067767.7678	-19.40852711
18078087687.6877	-19.38392652
18098107607.6076	-19.35284886
18118127527.5275	-19.23872587
18138147447.4474	-19.15413652
18158167367.3674	-19.16013007
18178187287.2873	-19.11067755
18198207207.2072	-19.12764526
18218227127.1271	-19.084449
18238247047.047	-19.09857322
18258266966.967	-19.22434047
18278286886.8869	-19.18650577
18298306806.8068	-19.1963658
18318326726.7267	-19.22977567
18338346646.6466	-19.27125501
18358366566.5666	-19.41564837
18378386486.4865	-19.42648644
18398406406.4064	-19.31961977
18418426326.3263	-19.29988452
18438446246.2462	-19.38535889
18458466166.1662	-19.33556634
18478486086.0861	-19.24638077
18498506006.006	-19.16546326
18518525925.9259	-19.05471465
18538545845.8458	-19.07336704
18558565765.7658	-19.04939015
18578585685.6857	-19.00027319
18598605605.6056	-19.04867025
18618625525.5255	-19.02550356
18638645445.4454	-19.03608566
18658665365.3654	-19.05687485
18678685285.2853	-19.10378227
18698705205.2052	-19.22597924
18718725125.1251	-19.37487253
18738745045.045	-19.30614337
18758764964.965	-19.28639337
18778784884.8849	-19.51741842
18798804804.8048	-19.57569927
18818824724.7247	-19.45429915
18838844644.6446	-19.31053141
18858864564.5646	-19.14675092
18878884484.4845	-19.17608426
18898904404.4044	-19.18136293
18918924324.3243	-19.14471025
18938944244.2442	-19.09082205
18958964164.1642	-19.10515724
18978984084.0841	-19.15884381
18999004004.004	-19.16723633
19019023923.9239	-19.19774751
19039043843.8438	-19.22853539
19059063763.7638	-19.35284373
19079083683.6837	-19.35148815
19099103603.6036	-19.3288769
19119123523.5235	-19.50279756
19139143443.4434	-19.5155057
19159163363.3634	-19.48902808
19179183283.2833	-19.3765415
19199203203.2032	-19.24028567
19219223123.1231	-19.29521353
19239243043.043	-19.28854661
19259262962.963	-19.35432422
19279282882.8829	-19.3031805
19299302802.8028	-19.356089
19319322722.7227	-19.45303331
19339342642.6426	-19.45414457
19359362562.5626	-19.45071788
19379382482.4825	-19.34158804
19399402402.4024	-19.4148628
19419422322.3223	-19.45894605
19439442242.2422	-19.39860072
19459462162.1622	-19.60103609
19479482082.0821	-19.5990268
19499502002.002	-19.58072902
19519521921.9219	-19.48369748
19539541841.8418	-19.40346694
19559561761.7618	-19.49744658
19579581681.6817	-19.4889395
19599601601.6016	-19.60269707
19619621521.5215	-19.59782791
19639641441.4414	-19.66271387
19659661361.3614	-19.79145258
19679681281.2813	-19.79673929
19699701201.2012	-19.78260803
19719721121.1211	-19.57846632
19739741041.041	-19.61358777
19759760960.961	-19.65233608
19779780880.8809	-19.59545065
19799800800.8008	-19.80714077
19819820720.7207	-19.82397186
19839840640.6406	-19.79440561
19859860560.5606	-19.6877494
19879880480.4805	-19.64499405
19899900400.4004	-19.74272256
19919920320.3203	-19.73910216
19939940240.2402	-19.85861771
19959960160.1602	-19.85441678
19979980080.0801	-19.97744837
20000000000	-20.11572811
