# S12_frequency_set	VNA_S12_trace
# "S12 frequency"	"S12 magnitude"
# 1000
100000	-20.67729739
20119919.9199199	-36.76661387
40139839.8398398	-37.05839061
60159759.7597598	-37.37966283
80179679.6796797	-37.73096728
100199599.5996	-38.00125359
120219519.51952	-38.30074407
140239439.439439	-38.57302843
160259359.359359	-38.82112538
180279279.279279	-39.09208893
200299199.199199	-39.30133005
220319119.119119	-39.52077822
240339039.039039	-39.73117964
260358958.958959	-39.94833958
280378878.878879	-40.12540598
300398798.798799	-40.31818212
320418718.718719	-40.51062247
340438638.638639	-40.66837605
360458558.558559	-40.84399089
380478478.478478	-41.01142301
400498398.398398	-41.14756797
420518318.318318	-41.32521713
440538238.238238	-41.47371236
460558158.158158	-41.62084073
480578078.078078	-41.7603243
500597997.997998	-41.9065935
520617917.917918	-42.04286735
540637837.837838	-42.18233586
560657757.757758	-42.31021764
580677677.677678	-42.43891463
600697597.597598	-42.55865066
620717517.517517	-42.6919478
640737437.437437	-42.83094998
660757357.357357	-42.93679151
680777277.277277	-43.06516875
700797197.197197	-43.19722105
720817117.117117	-43.30238953
740837037.037037	-43.46384957
760856956.956957	-43.57299507
780876876.876877	-43.68829053
800896796.796797	-43.81883848
820916716.716717	-43.92917897
840936636.636637	-44.03732542
860956556.556557	-44.15295987
880976476.476476	-44.25390281
900996396.396396	-44.36124781
921016316.316316	-44.48273457
941036236.236236	-44.57508361
961056156.156156	-44.69949417
981076076.076076	-44.77388228
1001095995.996	-44.89206677
1021115915.91592	-44.98131222
1041135835.83584	-45.0698381
1061155755.75576	-45.20289952
1081175675.67568	-45.26057557
1101195595.5956	-45.3862874
1121215515.51552	-45.46977378
1141235435.43544	-45.54504739
1161255355.35536	-45.66516086
1181275275.27528	-45.75505976
1201295195.1952	-45.85252118
1221315115.11512	-45.94303077
1241335035.03503	-46.01506609
1261354954.95495	-46.12338428
1281374874.87487	-46.19452536
1301394794.79479	-46.28563457
1321414714.71471	-46.38801589
1341434634.63463	-46.5078722
1361454554.55455	-46.57966133
1381474474.47447	-46.65688776
1401494394.39439	-46.77792447
1421514314.31431	-46.85078726
1441534234.23423	-46.91394329
1461554154.15415	-47.00758027
1481574074.07407	-47.08689923
1501593993.99399	-47.17943253
1521613913.91391	-47.26405455
1541633833.83383	-47.34095884
1561653753.75375	-47.39920474
1581673673.67367	-47.51646402
1601693593.59359	-47.59102148
1621713513.51351	-47.6955744
1641733433.43343	-47.76881336
1661753353.35335	-47.86410807
1681773273.27327	-47.94861826
1701793193.19319	-48.01345637
1721813113.11311	-48.10240527
1741833033.03303	-48.21714213
1761852952.95295	-48.27056918
1781872872.87287	-48.41201198
1801892792.79279	-48.45350794
1821912712.71271	-48.52111843
1841932632.63263	-48.62607278
1861952552.55255	-48.70565678
1881972472.47247	-48.81859199
1901992392.39239	-48.85915037
1922012312.31231	-48.96256608
1942032232.23223	-49.01483685
1962052152.15215	-49.1289212
1982072072.07207	-49.21966251
2002091991.99199	-49.27462471
2022111911.91191	-49.40642197
2042131831.83183	-49.45730514
2062151751.75175	-49.52855068
2082171671.67167	-49.62801395
2102191591.59159	-49.66738225
2122211511.51151	-49.78610145
2142231431.43143	-49.83813757
2162251351.35135	-49.91862895
2182271271.27127	-50.03965779
2202291191.19119	-50.06398185
2222311111.11111	-50.18678455
2242331031.03103	-50.25201335
2262350950.95095	-50.28752288
2282370870.87087	-50.39751777
2302390790.79079	-50.44219698
2322410710.71071	-50.53552041
2342430630.63063	-50.61743609
2362450550.55055	-50.67444929
2382470470.47047	-50.76235004
2402490390.39039	-50.81997439
2422510310.31031	-50.91163668
2442530230.23023	-50.97765356
2462550150.15015	-51.04625296
2482570070.07007	-51.14031333
2502589989.98999	-51.19569106
2522609909.90991	-51.31761876
2542629829.82983	-51.37608684
2562649749.74975	-51.42950571
2582669669.66967	-51.53490579
2602689589.58959	-51.56740926
2622709509.50951	-51.64113381
2642729429.42943	-51.72425603
2662749349.34935	-51.78596865
2682769269.26927	-51.87420923
2702789189.18919	-51.93862878
2722809109.10911	-52.01110787
2742829029.02903	-52.08933535
2762848948.94895	-52.15205843
2782868868.86887	-52.22785843
2802888788.78879	-52.30587627
2822908708.70871	-52.36856606
2842928628.62863	-52.43957548
2862948548.54855	-52.51626625
2882968468.46847	-52.55882173
2902988388.38839	-52.64678949
2923008308.30831	-52.70223781
2943028228.22823	-52.76460598
2963048148.14815	-52.83991198
2983068068.06807	-52.90682932
3003087987.98799	-52.99127969
3023107907.90791	-53.04431279
3043127827.82783	-53.12293293
3063147747.74775	-53.20166372
3083167667.66767	-53.23931931
3103187587.58759	-53.32556655
3123207507.50751	-53.37807928
3143227427.42743	-53.43388607
3163247347.34735	-53.51871375
3183267267.26727	-53.54608924
3203287187.18719	-53.64601151
3223307107.10711	-53.6989418
3243327027.02703	-53.74404216
3263346946.94695	-53.8240744
3283366866.86687	-53.86068999
3303386786.78679	-53.9414462
3323406706.70671	-53.99252419
3343426626.62663	-54.04215348
3363446546.54655	-54.12408738
3383466466.46647	-54.15587775
3403486386.38639	-54.2250617
3423506306.30631	-54.28466223
3443526226.22623	-54.31757063
3463546146.14615	-54.4303254
3483566066.06607	-54.47035354
3503585985.98599	-54.53705834
3523605905.90591	-54.60296174
3543625825.82583	-54.63631973
3563645745.74575	-54.72693255
3583665665.66567	-54.75422178
3603685585.58559	-54.79422378
3623705505.50551	-54.88435162
3643725425.42543	-54.88961226
3663745345.34535	-54.97218389
3683765265.26526	-55.01216743
3703785185.18518	-55.01749968
3723805105.1051	-55.12211819
3743825025.02502	-55.13391154
3763844944.94494	-55.19299052
3783864864.86486	-55.23320135
3803884784.78478	-55.29894151
3823904704.7047	-55.38015563
3843924624.62462	-55.38968661
3863944544.54454	-55.45824989
3883964464.46446	-55.50506707
3903984384.38438	-55.54057947
3924004304.3043	-55.61105483
3944024224.22422	-55.63950714
3964044144.14414	-55.71703674
3984064064.06406	-55.77219464
4004083983.98398	-55.81622546
4024103903.9039	-55.91895168
4044123823.82382	-55.92883691
4064143743.74374	-56.00914633
4084163663.66366	-56.07297645
4104183583.58358	-56.10765201
4124203503.5035	-56.18584871
4144223423.42342	-56.24472415
4164243343.34334	-56.2937865
4184263263.26326	-56.35364847
4204283183.18318	-56.42133706
4224303103.1031	-56.47134047
4244323023.02302	-56.52796912
4264342942.94294	-56.58098746
4284362862.86286	-56.65068048
4304382782.78278	-56.7140839
4324402702.7027	-56.74630115
4344422622.62262	-56.81782417
4364442542.54254	-56.86759008
4384462462.46246	-56.93034938
4404482382.38238	-56.96744984
4424502302.3023	-57.01092191
4444522222.22222	-57.08624669
4464542142.14214	-57.13113213
4484562062.06206	-57.21669823
4504581981.98198	-57.27376756
4524601901.9019	-57.30941234
4544621821.82182	-57.38632568
4564641741.74174	-57.40515184
4584661661.66166	-57.47961807
4604681581.58158	-57.55142797
4624701501.5015	-57.59974067
4644721421.42142	-57.70478506
4664741341.34134	-57.72630973
4684761261.26126	-57.79866177
4704781181.18118	-57.85264981
4724801101.1011	-57.88170664
4744821021.02102	-57.96979159
4764840940.94094	-58.00636552
4784860860.86086	-58.10835273
4804880780.78078	-58.12770648
4824900700.7007	-58.20606346
4844920620.62062	-58.27246921
4864940540.54054	-58.23815498
4884960460.46046	-58.33748246
4904980380.38038	-58.374232
4925000300.3003	-58.43281841
4945020220.22022	-58.50198838
4965040140.14014	-58.51115082
4985060060.06006	-58.61984522
5005079979.97998	-58.6275199
5025099899.8999	-58.67742708
5045119819.81982	-58.71288399
5065139739.73974	-58.72843471
5085159659.65966	-58.80660472
5105179579.57958	-58.82997157
5125199499.4995	-58.92990143
5145219419.41942	-58.97602324
5165239339.33934	-59.0353054
5185259259.25926	-59.13033813
5205279179.17918	-59.15648321
5225299099.0991	-59.26103696
5245319019.01902	-59.286954
5265338938.93894	-59.3720992
5285358858.85886	-59.44749134
5305378778.77878	-59.48926905
5325398698.6987	-59.58161022
5345418618.61862	-59.53214544
5365438538.53854	-59.60099217
5385458458.45846	-59.59467715
5405478378.37838	-59.67941412
5425498298.2983	-59.7459579
5445518218.21822	-59.78633038
5465538138.13814	-59.90228984
5485558058.05806	-59.90508396
5505577977.97798	-59.99043485
5525597897.8979	-60.02066293
5545617817.81782	-60.04128511
5565637737.73774	-60.13888445
5585657657.65766	-60.15655713
5605677577.57758	-60.32985551
5625697497.4975	-60.32109829
5645717417.41742	-60.40936365
5665737337.33734	-60.50590971
5685757257.25726	-60.43648934
5705777177.17718	-60.56957023
5725797097.0971	-60.52319688
5745817017.01702	-60.6450149
5765836936.93694	-60.68140133
5785856856.85686	-60.7149859
5805876776.77678	-60.88008144
5825896696.6967	-60.81027485
5845916616.61662	-60.93930301
5865936536.53654	-60.94795045
5885956456.45646	-60.95672279
5905976376.37638	-61.08640595
5925996296.2963	-61.04495021
5946016216.21622	-61.24074766
5966036136.13614	-61.22510731
5986056056.05606	-61.3214506
6006075975.97598	-61.37701068
6026095895.8959	-61.33702685
6046115815.81582	-61.48119797
6066135735.73574	-61.41443289
6086155655.65566	-61.60553325
6106175575.57558	-61.64562012
6126195495.49549	-61.67829323
6146215415.41541	-61.85542912
6166235335.33533	-61.748088
6186255255.25525	-61.95187491
6206275175.17517	-61.8532704
6226295095.09509	-61.95299197
6246315015.01501	-62.02788852
6266334934.93493	-61.95494493
6286354854.85485	-62.22960648
6306374774.77477	-62.09241065
6326394694.69469	-62.27151451
6346414614.61461	-62.25739472
6366434534.53453	-62.19827085
6386454454.45445	-62.40068935
6406474374.37437	-62.21124533
6426494294.29429	-62.49540972
6446514214.21421	-62.42779612
6466534134.13413	-62.47416953
6486554054.05405	-62.6650276
6506573973.97397	-62.45595911
6526593893.89389	-62.72606047
6546613813.81381	-62.62437498
6566633733.73373	-62.6915054
6586653653.65365	-62.83790528
6606673573.57357	-62.67809659
6626693493.49349	-63.01335146
6646713413.41341	-62.80547378
6666733333.33333	-62.97314028
6686753253.25325	-62.9968271
6706773173.17317	-62.85127062
6726793093.09309	-63.12079512
6746813013.01301	-62.89888271
6766832932.93293	-63.12173183
6786852852.85285	-63.08856511
6806872772.77277	-63.08939704
6826892692.69269	-63.32175078
6846912612.61261	-63.11518348
6866932532.53253	-63.34482915
6886952452.45245	-63.2400726
6906972372.37237	-63.34261824
6926992292.29229	-63.44284286
6947012212.21221	-63.34416413
6967032132.13213	-63.60727031
6987052052.05205	-63.44080559
7007071971.97197	-63.6268262
7027091891.89189	-63.64115503
7047111811.81181	-63.60564641
7067131731.73173	-63.74448904
7087151651.65165	-63.6546273
7107171571.57157	-63.8272208
7127191491.49149	-63.7586198
7147211411.41141	-63.83775304
7167231331.33133	-63.98286628
7187251251.25125	-63.88091897
7207271171.17117	-64.10948985
7227291091.09109	-64.00137266
7247311011.01101	-64.16195834
7267330930.93093	-64.14394681
7287350850.85085	-64.19706394
7307370770.77077	-64.36561983
7327390690.69069	-64.24644453
7347410610.61061	-64.43604118
7367430530.53053	-64.43713522
7387450450.45045	-64.4800241
7407470370.37037	-64.54779408
7427490290.29029	-64.54211667
7447510210.21021	-64.67510814
7467530130.13013	-64.65614435
7487550050.05005	-64.74874519
7507569969.96997	-64.78505504
7527589889.88989	-64.80227408
7547609809.80981	-64.9168427
7567629729.72973	-64.86894035
7587649649.64965	-65.0747761
7607669569.56957	-65.0309065
7627689489.48949	-65.13988392
7647709409.40941	-65.23118191
7667729329.32933	-65.26786697
7687749249.24925	-65.42776719
7707769169.16917	-65.33394341
7727789089.08909	-65.46526214
7747809009.00901	-65.45977394
7767828928.92893	-65.49202508
7787848848.84885	-65.64796772
7807868768.76877	-65.53924817
7827888688.68869	-65.72497973
7847908608.60861	-65.64636816
7867928528.52853	-65.78611203
7887948448.44845	-65.80167937
7907968368.36837	-65.76122706
7927988288.28829	-66.02373995
7948008208.20821	-65.90579285
7968028128.12813	-66.13314783
7988048048.04805	-66.06503696
8008067967.96797	-66.10676338
8028087887.88789	-66.26080996
8048107807.80781	-66.13655671
8068127727.72773	-66.37284455
8088147647.64765	-66.25016258
8108167567.56757	-66.35371361
8128187487.48749	-66.49581938
8148207407.40741	-66.42833697
8168227327.32733	-66.68001833
8188247247.24725	-66.62503605
8208267167.16717	-66.77855791
8228287087.08709	-66.8057346
8248307007.00701	-66.80464356
8268326926.92693	-66.92948392
8288346846.84685	-66.90501097
8308366766.76677	-67.12146111
8328386686.68669	-67.14554763
8348406606.60661	-67.19123331
8368426526.52653	-67.31758139
8388446446.44645	-67.31117378
8408466366.36637	-67.48588408
8428486286.28629	-67.43569937
8448506206.20621	-67.56795949
8468526126.12613	-67.69959097
8488546046.04605	-67.76161479
8508565965.96597	-67.90057377
8528585885.88589	-67.85644731
8548605805.80581	-68.08235137
8568625725.72573	-68.08874097
8588645645.64565	-68.16273247
8608665565.56557	-68.32055721
8628685485.48549	-68.29983722
8648705405.40541	-68.5059038
8668725325.32533	-68.5751081
8688745245.24524	-68.61025057
8708765165.16516	-68.68910683
8728785085.08508	-68.72197041
8748805005.005	-68.95698944
8768824924.92492	-68.87687181
8788844844.84484	-68.95253972
8808864764.76476	-69.01834816
8828884684.68468	-69.1264702
8848904604.6046	-69.2311071
8868924524.52452	-69.14573469
8888944444.44444	-69.47183961
8908964364.36436	-69.37487486
8928984284.28428	-69.51331057
8949004204.2042	-69.61368946
8969024124.12412	-69.52879432
8989044044.04404	-69.72213078
9009063963.96396	-69.61490423
9029083883.88388	-69.83236957
9049103803.8038	-69.8157786
9069123723.72372	-69.79040978
9089143643.64364	-69.85716035
9109163563.56356	-69.68432636
9129183483.48348	-69.90339055
9149203403.4034	-69.78048996
9169223323.32332	-69.82917887
9189243243.24324	-69.88428819
9209263163.16316	-69.75600898
9229283083.08308	-69.99763198
9249303003.003	-69.72597981
9269322922.92292	-69.79824977
9289342842.84284	-69.86429878
9309362762.76276	-69.7415597
9329382682.68268	-69.9358198
9349402602.6026	-69.7288602
9369422522.52252	-69.83336302
9389442442.44244	-69.81628071
9409462362.36236	-69.74690493
9429482282.28228	-69.76425536
9449502202.2022	-69.72179743
9469522122.12212	-69.75627859
9489542042.04204	-69.720639
9509561961.96196	-69.72056769
9529581881.88188	-69.67732787
9549601801.8018	-69.62817635
9569621721.72172	-69.66244142
9589641641.64164	-69.54821462
9609661561.56156	-69.594316
9629681481.48148	-69.61244697
9649701401.4014	-69.61582445
9669721321.32132	-69.65587838
9689741241.24124	-69.55496807
9709761161.16116	-69.60958532
9729781081.08108	-69.61091534
9749801001.001	-69.53133844
9769820920.92092	-69.60149818
9789840840.84084	-69.57643207
9809860760.76076	-69.64327594
9829880680.68068	-69.64270198
9849900600.6006	-69.66510337
9869920520.52052	-69.58129603
9889940440.44044	-69.56208482
9909960360.36036	-69.64265459
9929980280.28028	-69.61305192
9950000200.2002	-69.63826313
9970020120.12012	-69.67012766
9990040040.04004	-69.71669851
10010059959.96	-69.74203454
10030079879.8799	-69.73065905
10050099799.7998	-69.81358237
10070119719.7197	-69.82753808
10090139639.6396	-69.78069415
10110159559.5596	-69.89971023
10130179479.4795	-69.89222117
10150199399.3994	-69.86857918
10170219319.3193	-69.97246325
10190239239.2392	-69.9450066
10210259159.1592	-69.97916494
10230279079.0791	-70.03224349
10250298998.999	-70.05430581
10270318918.9189	-70.09015257
10290338838.8388	-70.20362893
10310358758.7588	-70.15965515
10330378678.6787	-70.23005302
10350398598.5986	-70.2761914
10370418518.5185	-70.26367628
10390438438.4384	-70.21969848
10410458358.3584	-70.18386038
10430478278.2783	-70.24943069
10450498198.1982	-70.21180346
10470518118.1181	-70.27074977
10490538038.038	-70.38482554
10510557957.958	-70.38774994
10530577877.8779	-70.4337185
10550597797.7978	-70.41938802
10570617717.7177	-70.54210256
10590637637.6376	-70.58413689
10610657557.5576	-70.65986645
10630677477.4775	-70.76494401
10650697397.3974	-70.85710087
10670717317.3173	-70.84028531
10690737237.2372	-70.89298163
10710757157.1572	-70.84340464
10730777077.0771	-70.85545465
10750796996.997	-70.77629537
10770816916.9169	-70.76217518
10790836836.8368	-70.95437233
10810856756.7568	-70.89403916
10830876676.6767	-70.91396125
10850896596.5966	-70.91564829
10870916516.5165	-70.77735497
10890936436.4364	-71.00373429
10910956356.3564	-70.89287666
10930976276.2763	-71.14538705
10950996196.1962	-71.13277538
10971016116.1161	-71.17732447
10991036036.036	-71.38410036
11011055955.956	-71.26243115
11031075875.8759	-71.41947555
11051095795.7958	-71.2714136
11071115715.7157	-71.31232384
11091135635.6356	-71.40373699
11111155555.5556	-71.44688681
11131175475.4755	-71.55404814
11151195395.3954	-71.55647737
11171215315.3153	-71.55936626
11191235235.2352	-71.54040921
11211255155.1552	-71.42870701
11231275075.0751	-71.53160596
11251294994.995	-71.55380362
11271314914.9149	-71.56574752
11291334834.8348	-71.71892209
11311354754.7548	-71.80314581
11331374674.6747	-71.86704145
11351394594.5946	-71.79036027
11371414514.5145	-71.8176622
11391434434.4344	-71.75682018
11411454354.3544	-71.75936676
11431474274.2743	-71.9631919
11451494194.1942	-71.88794344
11471514114.1141	-72.03418752
11491534034.034	-72.01222311
11511553953.954	-72.0622531
11531573873.8739	-71.98217293
11551593793.7938	-71.93519959
11571613713.7137	-72.05042566
11591633633.6336	-72.07254091
11611653553.5536	-72.13995469
11631673473.4735	-72.22227405
11651693393.3934	-72.37928043
11671713313.3133	-72.18060938
11691733233.2332	-72.36525613
11711753153.1532	-72.28844108
11731773073.0731	-72.25367687
11751792992.993	-72.25724382
11771812912.9129	-72.29559674
11791832832.8328	-72.46009761
11811852752.7528	-72.57202369
11831872672.6727	-72.46708874
11851892592.5926	-72.64486729
11871912512.5125	-72.49142704
11891932432.4324	-72.56519445
11911952352.3524	-72.53061066
11931972272.2723	-72.60522301
11951992192.1922	-72.86621081
11972012112.1121	-72.6036884
11992032032.032	-72.669782
12012051951.952	-72.7697538
12032071871.8719	-72.83343599
12052091791.7918	-72.88696156
12072111711.7117	-72.74215065
12092131631.6316	-72.8001316
12112151551.5516	-72.77217167
12132171471.4715	-72.94278785
12152191391.3914	-72.96961885
12172211311.3113	-72.88963855
12192231231.2312	-73.03157628
12212251151.1512	-72.88401534
12232271071.0711	-73.07965341
12252290990.991	-73.04279825
12272310910.9109	-73.1378188
12292330830.8308	-73.16516376
12312350750.7507	-73.11414599
12332370670.6707	-73.32605627
12352390590.5906	-73.33504768
12372410510.5105	-73.27920725
12392430430.4304	-73.32160961
12412450350.3503	-73.06457672
12432470270.2703	-73.38821863
12452490190.1902	-73.22452662
12472510110.1101	-73.34765786
12492530030.03	-73.51308348
12512549949.9499	-73.41654977
12532569869.8699	-73.42230973
12552589789.7898	-73.28024786
12572609709.7097	-73.40175558
12592629629.6296	-73.42747053
12612649549.5495	-73.49645082
12632669469.4695	-73.53867451
12652689389.3894	-73.62439417
12672709309.3093	-73.67366519
12692729229.2292	-73.59589837
12712749149.1491	-73.55930993
12732769069.0691	-73.56944781
12752788988.989	-73.56211164
12772808908.9089	-73.76030646
12792828828.8288	-73.56726854
12812848748.7487	-73.79561113
12832868668.6687	-73.73087085
12852888588.5886	-73.73022536
12872908508.5085	-73.61189708
12892928428.4284	-73.67789151
12912948348.3483	-73.79377036
12932968268.2683	-73.86239837
12952988188.1882	-73.84539419
12973008108.1081	-73.8546593
12993028028.028	-74.03224413
13013047947.9479	-74.22814607
13033067867.8679	-73.97897232
13053087787.7878	-74.11029947
13073107707.7077	-74.0774672
13093127627.6276	-74.11790553
13113147547.5475	-74.28148807
13133167467.4675	-74.29909343
13153187387.3874	-74.27082432
13173207307.3073	-74.31797829
13193227227.2272	-74.41186931
13213247147.1471	-74.29417508
13233267067.0671	-74.37849073
13253286986.987	-74.29075339
13273306906.9069	-74.37560277
13293326826.8268	-74.60549188
13313346746.7467	-74.46672129
13333366666.6667	-74.57900715
13353386586.5866	-74.4213624
13373406506.5065	-74.62379179
13393426426.4264	-74.71689073
13413446346.3463	-74.68715847
13433466266.2663	-74.84881685
13453486186.1862	-74.61126437
13473506106.1061	-74.91362512
13493526026.026	-74.90412951
13513545945.9459	-74.76625574
13533565865.8659	-74.98211542
13553585785.7858	-74.97637245
13573605705.7057	-74.95869892
13593625625.6256	-75.11065234
13613645545.5455	-75.09594873
13633665465.4655	-75.27791722
13653685385.3854	-75.19725624
13673705305.3053	-75.29221682
13693725225.2252	-75.17444965
13713745145.1451	-74.9688296
13733765065.0651	-75.03846274
13753784984.985	-75.35404952
13773804904.9049	-75.36249436
13793824824.8248	-75.36239888
13813844744.7447	-75.30293665
13833864664.6647	-75.51117109
13853884584.5846	-75.23226583
13873904504.5045	-75.4692488
13893924424.4244	-75.46078697
13913944344.3443	-75.53819078
13933964264.2643	-75.54317262
13953984184.1842	-75.60893848
13974004104.1041	-75.76626851
13994024024.024	-75.51933829
14014043943.9439	-75.46446113
14034063863.8639	-75.59446693
14054083783.7838	-75.53766859
14074103703.7037	-75.56747261
14094123623.6236	-75.76250969
14114143543.5435	-75.79480296
14134163463.4635	-75.96626172
14154183383.3834	-75.73947526
14174203303.3033	-75.73674592
14194223223.2232	-75.81304451
14214243143.1431	-75.71421963
14234263063.0631	-76.03913088
14254282982.983	-75.99329813
14274302902.9029	-76.04434704
14294322822.8228	-75.9129568
14314342742.7427	-76.2278658
14334362662.6627	-76.11020428
14354382582.5826	-76.18295208
14374402502.5025	-76.17487058
14394422422.4224	-76.1400075
14414442342.3423	-76.14062927
14434462262.2623	-76.24618334
14454482182.1822	-76.1919835
14474502102.1021	-76.41783845
14494522022.022	-76.36922179
14514541941.9419	-76.41539496
14534561861.8619	-76.40357759
14554581781.7818	-76.41086076
14574601701.7017	-76.46621704
14594621621.6216	-76.38006505
14614641541.5415	-76.47130725
14634661461.4615	-76.51322505
14654681381.3814	-76.3388869
14674701301.3013	-76.50213879
14694721221.2212	-76.4522637
14714741141.1411	-76.54214478
14734761061.0611	-76.73813913
14754780980.981	-76.73835378
14774800900.9009	-76.72900833
14794820820.8208	-76.64067542
14814840740.7407	-76.85684808
14834860660.6607	-76.8010475
14854880580.5806	-76.81911472
14874900500.5005	-76.84132722
14894920420.4204	-76.8308
14914940340.3403	-77.0291422
14934960260.2603	-77.01578883
14954980180.1802	-76.77193098
14975000100.1001	-77.15108047
14995020020.02	-76.94803372
15015039939.9399	-77.25520048
15035059859.8599	-77.30595891
15055079779.7798	-76.990779
15075099699.6997	-77.32691929
15095119619.6196	-77.14737864
15115139539.5395	-77.1566917
15135159459.4595	-77.03171725
15155179379.3794	-77.27415868
15175199299.2993	-77.34414505
15195219219.2192	-77.27836069
15215239139.1391	-77.40932012
15235259059.0591	-77.47434927
15255278978.979	-77.45312396
15275298898.8989	-77.53087386
15295318818.8188	-77.43557272
15315338738.7387	-77.61978368
15335358658.6587	-77.69175277
15355378578.5786	-77.80357543
15375398498.4985	-77.69427959
15395418418.4184	-77.60836069
15415438338.3383	-77.69609382
15435458258.2583	-77.81959496
15455478178.1782	-77.75618866
15475498098.0981	-77.80565295
15495518018.018	-77.87472261
15515537937.9379	-78.06651322
15535557857.8579	-77.94980366
15555577777.7778	-78.09931879
15575597697.6977	-78.17118059
15595617617.6176	-78.279494
15615637537.5375	-78.26848522
15635657457.4575	-78.28336679
15655677377.3774	-78.6190018
15675697297.2973	-78.53349128
15695717217.2172	-78.45659001
15715737137.1371	-78.52331945
15735757057.0571	-78.48561911
15755776976.977	-78.65401047
15775796896.8969	-78.51812603
15795816816.8168	-78.43975888
15815836736.7367	-78.56357182
15835856656.6567	-78.65793428
15855876576.5766	-78.66389634
15875896496.4965	-78.7133482
15895916416.4164	-78.67887176
15915936336.3363	-78.95088599
15935956256.2563	-78.93828984
15955976176.1762	-78.96133928
15975996096.0961	-78.99486036
15996016016.016	-79.46687897
16016035935.9359	-79.20494462
16036055855.8559	-79.17000951
16056075775.7758	-79.84316765
16076095695.6957	-79.66262936
16096115615.6156	-79.33351393
16116135535.5355	-79.45738522
16136155455.4555	-79.58848873
16156175375.3754	-79.63349226
16176195295.2953	-79.38695961
16196215215.2152	-79.49262255
16216235135.1351	-79.35413484
16236255055.0551	-79.42321369
16256274974.975	-79.52685681
16276294894.8949	-79.49294997
16296314814.8148	-79.71229164
16316334734.7347	-79.66529785
16336354654.6547	-79.79840918
16356374574.5746	-80.01074583
16376394494.4945	-79.97539454
16396414414.4144	-80.16372581
16416434334.3343	-80.07018159
16436454254.2543	-80.1661489
16456474174.1742	-79.83584908
16476494094.0941	-80.26377665
16496514014.014	-80.23510279
16516533933.9339	-80.40677122
16536553853.8539	-80.31542041
16556573773.7738	-80.18372783
16576593693.6937	-80.20390158
16596613613.6136	-80.3705331
16616633533.5335	-80.2495509
16636653453.4535	-80.26027872
16656673373.3734	-80.73041313
16676693293.2933	-80.79223554
16696713213.2132	-80.75122693
16716733133.1331	-80.70570827
16736753053.0531	-80.7302559
16756772972.973	-80.46251196
16776792892.8929	-80.71961728
16796812812.8128	-80.58059671
16816832732.7327	-80.63401578
16836852652.6527	-80.72852455
16856872572.5726	-80.54902071
16876892492.4925	-81.05069979
16896912412.4124	-80.67497012
16916932332.3323	-80.98858798
16936952252.2523	-80.94762389
16956972172.1722	-80.60391572
16976992092.0921	-80.89639469
16997012012.012	-80.99246995
17017031931.9319	-80.73106473
17037051851.8519	-81.09536727
17057071771.7718	-81.03199278
17077091691.6917	-81.47538738
17097111611.6116	-81.22836848
17117131531.5315	-81.43418145
17137151451.4515	-81.34183035
17157171371.3714	-81.19794438
17177191291.2913	-81.60440709
17197211211.2112	-81.5751978
17217231131.1311	-81.36023415
17237251051.0511	-81.30831317
17257270970.971	-81.70049218
17277290890.8909	-81.34056266
17297310810.8108	-81.48221576
17317330730.7307	-81.66477874
17337350650.6507	-81.58311039
17357370570.5706	-81.81275837
17377390490.4905	-81.72254383
17397410410.4104	-82.18447587
17417430330.3303	-82.0132649
17437450250.2502	-81.84122801
17457470170.1702	-82.09350901
17477490090.0901	-82.08893223
17497510010.01	-82.24951567
17517529929.9299	-82.49253345
17537549849.8498	-82.39397282
17557569769.7698	-82.60072156
17577589689.6897	-82.48075742
17597609609.6096	-82.46126862
17617629529.5295	-81.98139209
17637649449.4494	-81.97450146
17657669369.3694	-82.21502502
17677689289.2893	-81.86749986
17697709209.2092	-81.84021859
17717729129.1291	-82.12117715
17737749049.049	-82.1044439
17757768968.969	-82.62907093
17777788888.8889	-82.59209957
17797808808.8088	-82.49546594
17817828728.7287	-82.88040109
17837848648.6486	-82.5769265
17857868568.5686	-83.12487851
17877888488.4885	-82.95330331
17897908408.4084	-83.02965026
17917928328.3283	-82.84471746
17937948248.2482	-82.9907986
17957968168.1682	-82.56537161
17977988088.0881	-82.6358849
17998008008.008	-83.07850244
18018027927.9279	-82.36641301
18038047847.8478	-82.91155497
18058067767.7678	-82.86830859
18078087687.6877	-82.50910628
18098107607.6076	-82.84242569
18118127527.5275	-82.51996134
18138147447.4474	-83.31695482
18158167367.3674	-83.01377541
18178187287.2873	-83.35484173
18198207207.2072	-83.06470184
18218227127.1271	-83.02040197
18238247047.047	-82.7542265
18258266966.967	-82.82953753
18278286886.8869	-82.67138967
18298306806.8068	-83.0359301
18318326726.7267	-82.41356555
18338346646.6466	-82.52069506
18358366566.5666	-82.56327976
18378386486.4865	-83.29330291
18398406406.4064	-82.71418165
18418426326.3263	-82.79414523
18438446246.2462	-82.82046345
18458466166.1662	-83.2576888
18478486086.0861	-83.29380942
18498506006.006	-83.48531243
18518525925.9259	-83.67897115
18538545845.8458	-83.51795059
18558565765.7658	-83.51969809
18578585685.6857	-83.06935895
18598605605.6056	-82.80527218
18618625525.5255	-82.68203352
18638645445.4454	-83.0568401
18658665365.3654	-83.21922829
18678685285.2853	-82.77452514
18698705205.2052	-82.56075986
18718725125.1251	-82.65389065
18738745045.045	-82.73669313
18758764964.965	-82.56053121
18778784884.8849	-83.22738278
18798804804.8048	-83.12790793
18818824724.7247	-83.45087952
18838844644.6446	-83.74033317
18858864564.5646	-83.39208942
18878884484.4845	-83.79688666
18898904404.4044	-84.00924534
18918924324.3243	-83.32356575
18938944244.2442	-83.25723642
18958964164.1642	-83.19962744
18978984084.0841	-83.9338977
18999004004.004	-83.47170606
19019023923.9239	-83.67819615
19039043843.8438	-83.90273559
19059063763.7638	-83.71481921
19079083683.6837	-83.40005727
19099103603.6036	-83.36282618
19119123523.5235	-83.19057239
19139143443.4434	-83.94463677
19159163363.3634	-83.1918133
19179183283.2833	-83.84493293
19199203203.2032	-84.1586309
19219223123.1231	-84.79874589
19239243043.043	-84.22477023
19259262962.963	-84.48016241
19279282882.8829	-83.72680315
19299302802.8028	-84.17670971
19319322722.7227	-85.20913024
19339342642.6426	-84.18502296
19359362562.5626	-84.542105
19379382482.4825	-84.82466805
19399402402.4024	-84.14936332
19419422322.3223	-84.12354575
19439442242.2422	-84.09203259
19459462162.1622	-83.77812192
19479482082.0821	-84.02655622
19499502002.002	-84.61154374
19519521921.9219	-84.28115535
19539541841.8418	-84.46887926
19559561761.7618	-84.72485114
19579581681.6817	-84.49762947
19599601601.6016	-84.60063318
19619621521.5215	-84.70915911
19639641441.4414	-84.70154176
19659661361.3614	-84.93313358
19679681281.2813	-85.31149346
19699701201.2012	-85.3387973
19719721121.1211	-85.0395425
19739741041.041	-85.02148403
19759760960.961	-85.14442203
19779780880.8809	-84.85564387
19799800800.8008	-84.51860526
19819820720.7207	-84.46381439
19839840640.6406	-84.73580857
19859860560.5606	-84.97035386
19879880480.4805	-84.76896874
19899900400.4004	-84.74872511
19919920320.3203	-84.72541429
19939940240.2402	-84.96258623
19959960160.1602	-85.37648071
19979980080.0801	-85.2985455
20000000000	-85.54135584
