# S21_frequency_set	VNA_S21_trace
# "S21 frequency"	"S21 magnitude"
# 1000
100000	-10.98534193
20119919.9199199	-27.80743731
40139839.8398398	-21.71132907
60159759.7597598	-17.73630126
80179679.6796797	-17.58942181
100199599.5996	-20.07876793
120219519.51952	-21.11658409
140239439.439439	-21.83669347
160259359.359359	-20.89753841
180279279.279279	-19.25304628
200299199.199199	-16.99546212
220319119.119119	-14.07791103
240339039.039039	-12.69810632
260358958.958959	-14.35433412
280378878.878879	-14.20050544
300398798.798799	-15.79089551
320418718.718719	-26.98146594
340438638.638639	-32.48580386
360458558.558559	-28.71820436
380478478.478478	-30.74553135
400498398.398398	-31.30636974
420518318.318318	-32.95598375
440538238.238238	-32.68923482
460558158.158158	-30.56474909
480578078.078078	-34.29901398
500597997.997998	-35.99585554
520617917.917918	-42.00759111
540637837.837838	-40.31972332
560657757.757758	-44.70722572
580677677.677678	-44.17901213
600697597.597598	-46.14331626
620717517.517517	-47.48403455
640737437.437437	-51.18246696
660757357.357357	-53.57805561
680777277.277277	-58.38730751
700797197.197197	-51.9326475
720817117.117117	-60.65228192
740837037.037037	-55.94992329
760856956.956957	-47.25692011
780876876.876877	-50.19083605
800896796.796797	-59.16959357
820916716.716717	-53.87102911
840936636.636637	-56.0734216
860956556.556557	-46.39491641
880976476.476476	-52.78819247
900996396.396396	-49.90386302
921016316.316316	-56.64191613
941036236.236236	-47.711292
961056156.156156	-51.99608424
981076076.076076	-51.97359958
1001095995.996	-50.76895633
1021115915.91592	-52.9719621
1041135835.83584	-50.95417192
1061155755.75576	-60.32616534
1081175675.67568	-49.90724795
1101195595.5956	-45.72616472
1121215515.51552	-46.34032823
1141235435.43544	-41.5436647
1161255355.35536	-37.2197269
1181275275.27528	-36.5159319
1201295195.1952	-33.771664
1221315115.11512	-32.08003647
1241335035.03503	-31.90083502
1261354954.95495	-29.57333167
1281374874.87487	-28.00429787
1301394794.79479	-28.36524424
1321414714.71471	-26.44182853
1341434634.63463	-26.05799297
1361454554.55455	-24.73896833
1381474474.47447	-24.52443218
1401494394.39439	-24.12184255
1421514314.31431	-23.25389675
1441534234.23423	-23.07646192
1461554154.15415	-22.29319427
1481574074.07407	-22.27609784
1501593993.99399	-21.41634746
1521613913.91391	-21.1682963
1541633833.83383	-20.63457788
1561653753.75375	-20.1925604
1581673673.67367	-20.47008443
1601693593.59359	-20.04740303
1621713513.51351	-19.57697672
1641733433.43343	-19.56124366
1661753353.35335	-19.25559071
1681773273.27327	-18.69074701
1701793193.19319	-18.60562424
1721813113.11311	-18.1801305
1741833033.03303	-18.16754372
1761852952.95295	-17.92666819
1781872872.87287	-17.84587052
1801892792.79279	-17.41716544
1821912712.71271	-17.5200281
1841932632.63263	-17.42393913
1861952552.55255	-17.20767594
1881972472.47247	-17.30062506
1901992392.39239	-17.30292164
1922012312.31231	-16.89914855
1942032232.23223	-16.96278509
1962052152.15215	-16.77694122
1982072072.07207	-16.94541346
2002091991.99199	-16.89283732
2022111911.91191	-16.74268808
2042131831.83183	-16.69853968
2062151751.75175	-16.6785078
2082171671.67167	-16.57543917
2102191591.59159	-16.62100484
2122211511.51151	-16.5267293
2142231431.43143	-16.24811281
2162251351.35135	-16.15788126
2182271271.27127	-16.2289976
2202291191.19119	-16.19854072
2222311111.11111	-16.21791315
2242331031.03103	-16.09150099
2262350950.95095	-16.22395135
2282370870.87087	-16.36759999
2302390790.79079	-16.43317144
2322410710.71071	-16.35113244
2342430630.63063	-16.08228742
2362450550.55055	-16.22501603
2382470470.47047	-16.394999
2402490390.39039	-16.25882034
2422510310.31031	-16.29552529
2442530230.23023	-16.31987146
2462550150.15015	-16.60001767
2482570070.07007	-16.75554709
2502589989.98999	-16.8242072
2522609909.90991	-16.64774124
2542629829.82983	-16.91145653
2562649749.74975	-17.0119955
2582669669.66967	-17.13516415
2602689589.58959	-16.94947693
2622709509.50951	-17.21847104
2642729429.42943	-17.41740325
2662749349.34935	-17.20103924
2682769269.26927	-17.2413091
2702789189.18919	-17.49316352
2722809109.10911	-17.52784681
2742829029.02903	-17.39104889
2762848948.94895	-17.68430522
2782868868.86887	-17.49508886
2802888788.78879	-17.66814418
2822908708.70871	-17.78369094
2842928628.62863	-17.70979625
2862948548.54855	-17.78114739
2882968468.46847	-17.94386486
2902988388.38839	-18.15308944
2923008308.30831	-18.11588529
2943028228.22823	-18.05413185
2963048148.14815	-18.20085929
2983068068.06807	-18.24274193
3003087987.98799	-18.39208446
3023107907.90791	-18.36563569
3043127827.82783	-18.68846983
3063147747.74775	-18.62991382
3083167667.66767	-18.68418296
3103187587.58759	-18.65703995
3123207507.50751	-18.65872953
3143227427.42743	-18.88735851
3163247347.34735	-18.97721661
3183267267.26727	-18.92951858
3203287187.18719	-18.87191777
3223307107.10711	-19.08452754
3243327027.02703	-19.12700045
3263346946.94695	-19.22699463
3283366866.86687	-19.13725524
3303386786.78679	-19.20699686
3323406706.70671	-19.18836913
3343426626.62663	-19.45573894
3363446546.54655	-19.36582361
3383466466.46647	-19.5061327
3403486386.38639	-19.58852602
3423506306.30631	-19.64352093
3443526226.22623	-19.90519301
3463546146.14615	-19.85155969
3483566066.06607	-19.6020772
3503585985.98599	-20.07460755
3523605905.90591	-19.80448136
3543625825.82583	-19.79977213
3563645745.74575	-19.86788183
3583665665.66567	-20.11339173
3603685585.58559	-20.29850115
3623705505.50551	-20.279519
3643725425.42543	-20.10663566
3663745345.34535	-20.46814037
3683765265.26526	-20.32446118
3703785185.18518	-20.44268589
3723805105.1051	-20.30605108
3743825025.02502	-20.62073239
3763844944.94494	-20.52925622
3783864864.86486	-20.80228755
3803884784.78478	-20.8678861
3823904704.7047	-20.75810705
3843924624.62462	-20.92260719
3863944544.54454	-20.87693358
3883964464.46446	-21.09965721
3903984384.38438	-21.03691101
3924004304.3043	-21.1395047
3944024224.22422	-21.0130246
3964044144.14414	-21.15603469
3984064064.06406	-21.11449001
4004083983.98398	-21.3557717
4024103903.9039	-21.25031904
4044123823.82382	-21.29961952
4064143743.74374	-21.4339466
4084163663.66366	-21.50835646
4104183583.58358	-21.56078393
4124203503.5035	-21.76033737
4144223423.42342	-21.68106283
4164243343.34334	-21.75045826
4184263263.26326	-21.84767921
4204283183.18318	-21.62038769
4224303103.1031	-21.97131387
4244323023.02302	-22.03948812
4264342942.94294	-21.94815881
4284362862.86286	-22.03592618
4304382782.78278	-22.02681792
4324402702.7027	-22.22814878
4344422622.62262	-21.96904995
4364442542.54254	-22.22214033
4384462462.46246	-22.28230035
4404482382.38238	-22.63610828
4424502302.3023	-22.37325316
4444522222.22222	-22.49074963
4464542142.14214	-22.64193457
4484562062.06206	-22.42942204
4504581981.98198	-22.55582322
4524601901.9019	-22.81518625
4544621821.82182	-22.75684857
4564641741.74174	-22.89533671
4584661661.66166	-23.06695187
4604681581.58158	-23.02751396
4624701501.5015	-22.93350795
4644721421.42142	-23.18002002
4664741341.34134	-23.04218538
4684761261.26126	-23.13419808
4704781181.18118	-23.00180533
4724801101.1011	-23.25372059
4744821021.02102	-23.54640368
4764840940.94094	-23.26176146
4784860860.86086	-23.38186568
4804880780.78078	-23.34022023
4824900700.7007	-23.58542465
4844920620.62062	-23.93384755
4864940540.54054	-23.4681705
4884960460.46046	-23.87464733
4904980380.38038	-23.86697413
4925000300.3003	-23.68650533
4945020220.22022	-23.91034457
4965040140.14014	-24.3058297
4985060060.06006	-24.29293092
5005079979.97998	-24.04759348
5025099899.8999	-24.06572587
5045119819.81982	-24.35481243
5065139739.73974	-24.15061226
5085159659.65966	-24.48392754
5105179579.57958	-24.19720665
5125199499.4995	-24.20581472
5145219419.41942	-24.19045188
5165239339.33934	-24.70400564
5185259259.25926	-24.5783085
5205279179.17918	-24.55576695
5225299099.0991	-24.55744594
5245319019.01902	-24.56922489
5265338938.93894	-24.6306448
5285358858.85886	-24.88730115
5305378778.77878	-24.80246088
5325398698.6987	-25.10779448
5345418618.61862	-24.70559144
5365438538.53854	-24.58866081
5385458458.45846	-24.88380672
5405478378.37838	-24.79764235
5425498298.2983	-24.93765841
5445518218.21822	-25.05553245
5465538138.13814	-25.1620169
5485558058.05806	-25.37447022
5505577977.97798	-25.36558029
5525597897.8979	-25.53396469
5545617817.81782	-25.63147185
5565637737.73774	-25.67549497
5585657657.65766	-25.91332625
5605677577.57758	-25.68957973
5625697497.4975	-25.68790616
5645717417.41742	-25.50059951
5665737337.33734	-25.69062466
5685757257.25726	-25.59130717
5705777177.17718	-25.74747324
5725797097.0971	-25.79682857
5745817017.01702	-25.80274491
5765836936.93694	-25.93690674
5785856856.85686	-26.25682486
5805876776.77678	-26.27882673
5825896696.6967	-25.90414023
5845916616.61662	-25.93671775
5865936536.53654	-26.48229845
5885956456.45646	-26.24488943
5905976376.37638	-26.51278223
5925996296.2963	-26.45329764
5946016216.21622	-26.15783972
5966036136.13614	-26.5948503
5986056056.05606	-26.21740864
6006075975.97598	-26.51876448
6026095895.8959	-26.98776865
6046115815.81582	-26.78548699
6066135735.73574	-26.71035245
6086155655.65566	-26.38086999
6106175575.57558	-26.60892505
6126195495.49549	-26.98897025
6146215415.41541	-27.12084036
6166235335.33533	-26.57975997
6186255255.25525	-27.62153085
6206275175.17517	-27.37968417
6226295095.09509	-27.16870295
6246315015.01501	-27.19198075
6266334934.93493	-27.14908192
6286354854.85485	-27.21718942
6306374774.77477	-27.05698666
6326394694.69469	-27.30194917
6346414614.61461	-28.04468312
6366434534.53453	-27.52496395
6386454454.45445	-27.85720338
6406474374.37437	-27.67133481
6426494294.29429	-27.55666786
6446514214.21421	-27.57841892
6466534134.13413	-27.86939939
6486554054.05405	-28.00748214
6506573973.97397	-28.27458065
6526593893.89389	-28.51742393
6546613813.81381	-28.32612369
6566633733.73373	-28.58558535
6586653653.65365	-28.55330671
6606673573.57357	-28.50458859
6626693493.49349	-27.96072395
6646713413.41341	-28.70950399
6666733333.33333	-28.62829474
6686753253.25325	-28.31639331
6706773173.17317	-28.20678989
6726793093.09309	-28.7140192
6746813013.01301	-28.27043399
6766832932.93293	-28.86002267
6786852852.85285	-28.35446056
6806872772.77277	-28.64088826
6826892692.69269	-29.13323083
6846912612.61261	-29.07035484
6866932532.53253	-28.81439643
6886952452.45245	-28.84668323
6906972372.37237	-28.67377813
6926992292.29229	-29.32368684
6947012212.21221	-29.33521665
6967032132.13213	-29.2988641
6987052052.05205	-29.17701299
7007071971.97197	-28.48039242
7027091891.89189	-28.97174565
7047111811.81181	-29.20560026
7067131731.73173	-29.62375571
7087151651.65165	-29.25042526
7107171571.57157	-29.399986
7127191491.49149	-29.74484923
7147211411.41141	-29.69328873
7167231331.33133	-29.7339899
7187251251.25125	-29.45895807
7207271171.17117	-29.4746389
7227291091.09109	-29.63427362
7247311011.01101	-29.56713743
7267330930.93093	-29.75578531
7287350850.85085	-29.71384442
7307370770.77077	-29.8979469
7327390690.69069	-29.34199448
7347410610.61061	-30.37835342
7367430530.53053	-29.94207476
7387450450.45045	-30.74331469
7407470370.37037	-29.70208722
7427490290.29029	-29.81454871
7447510210.21021	-30.23088776
7467530130.13013	-29.76109061
7487550050.05005	-29.88729124
7507569969.96997	-30.92120822
7527589889.88989	-30.95097747
7547609809.80981	-30.59431548
7567629729.72973	-30.30333123
7587649649.64965	-31.16533245
7607669569.56957	-30.6731609
7627689489.48949	-30.63007309
7647709409.40941	-31.8162453
7667729329.32933	-31.0163684
7687749249.24925	-31.60467205
7707769169.16917	-31.80342086
7727789089.08909	-32.19904613
7747809009.00901	-31.85049107
7767828928.92893	-31.2362075
7787848848.84885	-31.83826182
7807868768.76877	-31.46822547
7827888688.68869	-31.60587865
7847908608.60861	-31.58187827
7867928528.52853	-31.61237078
7887948448.44845	-31.62702175
7907968368.36837	-30.99988153
7927988288.28829	-31.96690859
7948008208.20821	-31.87186855
7968028128.12813	-31.87737988
7988048048.04805	-31.4110192
8008067967.96797	-30.57013029
8028087887.88789	-32.39190127
8048107807.80781	-31.86319852
8068127727.72773	-32.04647156
8088147647.64765	-31.31857475
8108167567.56757	-31.58602095
8128187487.48749	-31.59087744
8148207407.40741	-32.3215008
8168227327.32733	-31.15243159
8188247247.24725	-31.81656925
8208267167.16717	-31.41032919
8228287087.08709	-31.07301191
8248307007.00701	-30.99723254
8268326926.92693	-32.13756231
8288346846.84685	-31.71027731
8308366766.76677	-31.79068731
8328386686.68669	-31.36518298
8348406606.60661	-31.80373545
8368426526.52653	-31.86989348
8388446446.44645	-32.40231314
8408466366.36637	-32.33855877
8428486286.28629	-32.2491077
8448506206.20621	-32.18018623
8468526126.12613	-32.33607619
8488546046.04605	-32.76099034
8508565965.96597	-32.13564133
8528585885.88589	-33.36771593
8548605805.80581	-33.40885329
8568625725.72573	-31.99776718
8588645645.64565	-32.71969684
8608665565.56557	-32.86910503
8628685485.48549	-32.92104205
8648705405.40541	-33.43045248
8668725325.32533	-32.93887481
8688745245.24524	-32.96550613
8708765165.16516	-32.70581208
8728785085.08508	-32.64245277
8748805005.005	-33.4482849
8768824924.92492	-32.97361414
8788844844.84484	-32.39811604
8808864764.76476	-33.00496857
8828884684.68468	-32.65980538
8848904604.6046	-33.40232596
8868924524.52452	-33.31458955
8888944444.44444	-32.90054474
8908964364.36436	-32.70451059
8928984284.28428	-32.88115433
8949004204.2042	-33.64025287
8969024124.12412	-33.26102292
8989044044.04404	-33.31455043
9009063963.96396	-33.43224308
9029083883.88388	-33.63093656
9049103803.8038	-32.60419489
9069123723.72372	-32.71408401
9089143643.64364	-33.76789491
9109163563.56356	-33.03979127
9129183483.48348	-34.34883871
9149203403.4034	-33.4160863
9169223323.32332	-33.59807414
9189243243.24324	-34.34288251
9209263163.16316	-33.98902126
9229283083.08308	-34.18913107
9249303003.003	-35.12785645
9269322922.92292	-34.32299157
9289342842.84284	-34.64925574
9309362762.76276	-34.27785769
9329382682.68268	-34.2441545
9349402602.6026	-34.19890903
9369422522.52252	-34.89568293
9389442442.44244	-35.27450461
9409462362.36236	-34.2901767
9429482282.28228	-35.05545279
9449502202.2022	-33.92716431
9469522122.12212	-34.19229512
9489542042.04204	-34.24190594
9509561961.96196	-33.95616688
9529581881.88188	-33.7403772
9549601801.8018	-34.4562419
9569621721.72172	-34.21129388
9589641641.64164	-33.97243332
9609661561.56156	-34.35888887
9629681481.48148	-35.57245175
9649701401.4014	-34.08716425
9669721321.32132	-34.82180545
9689741241.24124	-35.06180143
9709761161.16116	-33.87284071
9729781081.08108	-35.28900502
9749801001.001	-34.33827131
9769820920.92092	-35.15010444
9789840840.84084	-35.58343801
9809860760.76076	-35.02231219
9829880680.68068	-36.46723724
9849900600.6006	-34.68335776
9869920520.52052	-35.08619527
9889940440.44044	-35.60984497
9909960360.36036	-35.1325576
9929980280.28028	-36.47357341
9950000200.2002	-36.59902362
9970020120.12012	-36.86946776
9990040040.04004	-36.022649
10010059959.96	-36.59736138
10030079879.8799	-36.43066214
10050099799.7998	-37.01880248
10070119719.7197	-36.12703748
10090139639.6396	-36.33425951
10110159559.5596	-36.14956585
10130179479.4795	-36.39954791
10150199399.3994	-35.76667985
10170219319.3193	-35.48312819
10190239239.2392	-36.67575353
10210259159.1592	-35.73797736
10230279079.0791	-35.10480718
10250298998.999	-36.49630484
10270318918.9189	-35.91315986
10290338838.8388	-34.83822622
10310358758.7588	-35.94737209
10330378678.6787	-34.98297696
10350398598.5986	-35.79693199
10370418518.5185	-34.93024626
10390438438.4384	-35.4419522
10410458358.3584	-36.74964394
10430478278.2783	-36.15636238
10450498198.1982	-36.60278768
10470518118.1181	-38.44258989
10490538038.038	-36.79026966
10510557957.958	-38.37050396
10530577877.8779	-39.32171786
10550597797.7978	-38.05136014
10570617717.7177	-37.92927928
10590637637.6376	-37.2262394
10610657557.5576	-39.174186
10630677477.4775	-36.86414177
10650697397.3974	-37.17304779
10670717317.3173	-35.78356666
10690737237.2372	-37.93984579
10710757157.1572	-36.53807177
10730777077.0771	-37.57441551
10750796996.997	-38.60694566
10770816916.9169	-37.62652279
10790836836.8368	-36.55264347
10810856756.7568	-39.1835626
10830876676.6767	-39.10788672
10850896596.5966	-37.86622104
10870916516.5165	-38.6139241
10890936436.4364	-39.52496991
10910956356.3564	-38.7812517
10930976276.2763	-40.40269946
10950996196.1962	-38.84987089
10971016116.1161	-39.94265884
10991036036.036	-40.98217747
11011055955.956	-38.8483074
11031075875.8759	-39.00621999
11051095795.7958	-39.63417511
11071115715.7157	-39.1474632
11091135635.6356	-38.74659363
11111155555.5556	-37.79887638
11131175475.4755	-39.92695795
11151195395.3954	-38.45214456
11171215315.3153	-39.08392015
11191235235.2352	-36.64860088
11211255155.1552	-38.43680605
11231275075.0751	-37.77402389
11251294994.995	-38.18016332
11271314914.9149	-39.54089635
11291334834.8348	-39.62209999
11311354754.7548	-39.55569096
11331374674.6747	-38.95311678
11351394594.5946	-39.01616203
11371414514.5145	-40.27335217
11391434434.4344	-39.25080646
11411454354.3544	-39.29815309
11431474274.2743	-39.92578447
11451494194.1942	-39.18400379
11471514114.1141	-38.52054538
11491534034.034	-39.69359655
11511553953.954	-40.68889522
11531573873.8739	-39.60778154
11551593793.7938	-37.71714074
11571613713.7137	-37.893287
11591633633.6336	-40.31102909
11611653553.5536	-38.81728747
11631673473.4735	-38.88617855
11651693393.3934	-38.17387198
11671713313.3133	-39.61015284
11691733233.2332	-38.09330018
11711753153.1532	-38.82322228
11731773073.0731	-38.9253239
11751792992.993	-37.99998493
11771812912.9129	-38.14860379
11791832832.8328	-37.70502066
11811852752.7528	-40.71385153
11831872672.6727	-39.24018074
11851892592.5926	-38.57086838
11871912512.5125	-39.60900891
11891932432.4324	-39.49321671
11911952352.3524	-40.01702466
11931972272.2723	-41.27864547
11951992192.1922	-40.74155857
11972012112.1121	-39.37516216
11992032032.032	-39.92685112
12012051951.952	-39.38032813
12032071871.8719	-39.59086612
12052091791.7918	-41.8969777
12072111711.7117	-41.20199354
12092131631.6316	-41.9667649
12112151551.5516	-40.55166246
12132171471.4715	-41.94270244
12152191391.3914	-41.05082255
12172211311.3113	-44.53521031
12192231231.2312	-41.42685239
12212251151.1512	-39.84806855
12232271071.0711	-41.74217316
12252290990.991	-41.6814038
12272310910.9109	-40.4331082
12292330830.8308	-40.78757773
12312350750.7507	-39.78238875
12332370670.6707	-39.96251672
12352390590.5906	-40.56595348
12372410510.5105	-41.5234394
12392430430.4304	-42.20719007
12412450350.3503	-38.61835148
12432470270.2703	-41.55565734
12452490190.1902	-41.1475601
12472510110.1101	-41.59725841
12492530030.03	-42.29864053
12512549949.9499	-40.41476473
12532569869.8699	-44.54394556
12552589789.7898	-41.98771491
12572609709.7097	-41.32967489
12592629629.6296	-41.2108669
12612649549.5495	-40.43038862
12632669469.4695	-40.51370699
12652689389.3894	-41.2437829
12672709309.3093	-43.04126967
12692729229.2292	-41.07453877
12712749149.1491	-42.18953459
12732769069.0691	-39.96879208
12752788988.989	-41.16017191
12772808908.9089	-41.63920037
12792828828.8288	-42.51958618
12812848748.7487	-41.05053762
12832868668.6687	-42.5331803
12852888588.5886	-41.24681821
12872908508.5085	-45.4288012
12892928428.4284	-43.42469341
12912948348.3483	-43.56956795
12932968268.2683	-42.85758856
12952988188.1882	-42.8375329
12973008108.1081	-43.95673091
12993028028.028	-43.61980892
13013047947.9479	-41.97311517
13033067867.8679	-51.15377585
13053087787.7878	-44.57726351
13073107707.7077	-43.68686274
13093127627.6276	-46.38474696
13113147547.5475	-45.16808733
13133167467.4675	-44.45158876
13153187387.3874	-43.0930925
13173207307.3073	-48.73171181
13193227227.2272	-44.4595887
13213247147.1471	-41.96159443
13233267067.0671	-46.40700865
13253286986.987	-37.97247095
13273306906.9069	-42.46243044
13293326826.8268	-40.72474651
13313346746.7467	-45.44537565
13333366666.6667	-42.08423715
13353386586.5866	-41.6279844
13373406506.5065	-47.38938965
13393426426.4264	-45.70419448
13413446346.3463	-41.69704338
13433466266.2663	-43.37330461
13453486186.1862	-41.2846036
13473506106.1061	-43.98385226
13493526026.026	-45.00692737
13513545945.9459	-46.86321221
13533565865.8659	-44.94195924
13553585785.7858	-45.47497295
13573605705.7057	-41.87655782
13593625625.6256	-42.83929823
13613645545.5455	-48.01478865
13633665465.4655	-41.2109568
13653685385.3854	-42.73096642
13673705305.3053	-43.96374024
13693725225.2252	-43.04222329
13713745145.1451	-47.68834885
13733765065.0651	-44.0170742
13753784984.985	-46.96775496
13773804904.9049	-41.49664158
13793824824.8248	-43.85048654
13813844744.7447	-45.15879689
13833864664.6647	-46.72412342
13853884584.5846	-44.35130986
13873904504.5045	-42.92102132
13893924424.4244	-46.16574058
13913944344.3443	-40.707644
13933964264.2643	-48.01576944
13953984184.1842	-44.2664708
13974004104.1041	-40.82743033
13994024024.024	-42.88597563
14014043943.9439	-41.0175501
14034063863.8639	-42.62947927
14054083783.7838	-44.91142893
14074103703.7037	-46.85704332
14094123623.6236	-43.08310644
14114143543.5435	-46.41708672
14134163463.4635	-50.62534687
14154183383.3834	-47.12933911
14174203303.3033	-54.5681108
14194223223.2232	-45.05873766
14214243143.1431	-46.24446597
14234263063.0631	-50.11440226
14254282982.983	-53.74733769
14274302902.9029	-46.81643838
14294322822.8228	-45.51176148
14314342742.7427	-43.97637417
14334362662.6627	-43.16575579
14354382582.5826	-44.48424397
14374402502.5025	-44.1030711
14394422422.4224	-49.27503265
14414442342.3423	-45.61701232
14434462262.2623	-47.07537354
14454482182.1822	-44.88908896
14474502102.1021	-49.21042518
14494522022.022	-52.19265681
14514541941.9419	-51.45142104
14534561861.8619	-47.40468284
14554581781.7818	-48.10997657
14574601701.7017	-44.81440399
14594621621.6216	-46.99988178
14614641541.5415	-45.84333741
14634661461.4615	-53.2121215
14654681381.3814	-49.78992731
14674701301.3013	-50.90041413
14694721221.2212	-48.01227017
14714741141.1411	-45.1748714
14734761061.0611	-47.58496371
14754780980.981	-46.99286485
14774800900.9009	-47.64492831
14794820820.8208	-45.99777794
14814840740.7407	-43.93515825
14834860660.6607	-44.39937234
14854880580.5806	-46.13811594
14874900500.5005	-49.63840029
14894920420.4204	-48.24437361
14914940340.3403	-44.850953
14934960260.2603	-46.49159332
14954980180.1802	-43.23975489
14975000100.1001	-43.64372329
14995020020.02	-42.70889142
15015039939.9399	-46.56631962
15035059859.8599	-45.27045933
15055079779.7798	-49.22025354
15075099699.6997	-44.54520838
15095119619.6196	-44.09999974
15115139539.5395	-44.60066128
15135159459.4595	-46.58565891
15155179379.3794	-44.10294169
15175199299.2993	-45.16126293
15195219219.2192	-49.76937853
15215239139.1391	-45.61028766
15235259059.0591	-45.80847747
15255278978.979	-47.83364315
15275298898.8989	-48.28520551
15295318818.8188	-47.6192983
15315338738.7387	-48.93631283
15335358658.6587	-46.24605567
15355378578.5786	-49.61870939
15375398498.4985	-46.7086005
15395418418.4184	-47.17030204
15415438338.3383	-59.17910983
15435458258.2583	-47.00657658
15455478178.1782	-51.11330684
15475498098.0981	-49.20846532
15495518018.018	-46.9347943
15515537937.9379	-47.56862047
15535557857.8579	-48.00669196
15555577777.7778	-52.34264056
15575597697.6977	-48.39674056
15595617617.6176	-49.01192109
15615637537.5375	-51.80938641
15635657457.4575	-52.03475622
15655677377.3774	-53.80876159
15675697297.2973	-53.36949113
15695717217.2172	-47.22243074
15715737137.1371	-48.99846069
15735757057.0571	-65.76617167
15755776976.977	-59.82916425
15775796896.8969	-52.18341422
15795816816.8168	-48.16763858
15815836736.7367	-45.51620517
15835856656.6567	-49.60507104
15855876576.5766	-49.21042413
15875896496.4965	-48.47996101
15895916416.4164	-49.97233556
15915936336.3363	-49.56283874
15935956256.2563	-52.9132109
15955976176.1762	-47.45292432
15975996096.0961	-48.61700734
15996016016.016	-49.71447362
16016035935.9359	-49.97650552
16036055855.8559	-45.79204253
16056075775.7758	-48.06462329
16076095695.6957	-48.33806161
16096115615.6156	-47.99235955
16116135535.5355	-52.66693877
16136155455.4555	-48.80424326
16156175375.3754	-49.61384078
16176195295.2953	-48.83040868
16196215215.2152	-44.66083468
16216235135.1351	-49.87126119
16236255055.0551	-49.44228238
16256274974.975	-44.95977167
16276294894.8949	-47.04481456
16296314814.8148	-45.45020339
16316334734.7347	-46.27753881
16336354654.6547	-47.17175391
16356374574.5746	-45.4783379
16376394494.4945	-52.60105124
16396414414.4144	-47.18721527
16416434334.3343	-48.80904898
16436454254.2543	-49.53441255
16456474174.1742	-43.45959672
16476494094.0941	-53.66514565
16496514014.014	-55.09989348
16516533933.9339	-45.77179042
16536553853.8539	-49.90556296
16556573773.7738	-51.62758814
16576593693.6937	-52.35680352
16596613613.6136	-48.89597376
16616633533.5335	-48.37012872
16636653453.4535	-53.06279083
16656673373.3734	-51.00404769
16676693293.2933	-46.07515244
16696713213.2132	-47.67076316
16716733133.1331	-51.37607812
16736753053.0531	-47.65435892
16756772972.973	-56.67949619
16776792892.8929	-47.22435097
16796812812.8128	-50.10602633
16816832732.7327	-44.96477865
16836852652.6527	-50.52671321
16856872572.5726	-58.49578352
16876892492.4925	-48.39932726
16896912412.4124	-50.52662764
16916932332.3323	-50.3601006
16936952252.2523	-48.98336362
16956972172.1722	-55.65616918
16976992092.0921	-57.39069134
16997012012.012	-52.98011831
17017031931.9319	-52.31404177
17037051851.8519	-48.92034005
17057071771.7718	-48.11753963
17077091691.6917	-48.87325087
17097111611.6116	-49.16641618
17117131531.5315	-51.68243433
17137151451.4515	-51.81939904
17157171371.3714	-60.3524492
17177191291.2913	-50.46255034
17197211211.2112	-53.77514177
17217231131.1311	-49.24890037
17237251051.0511	-56.23612772
17257270970.971	-48.05087481
17277290890.8909	-60.50012365
17297310810.8108	-52.86671754
17317330730.7307	-45.92769028
17337350650.6507	-46.23896408
17357370570.5706	-51.30595617
17377390490.4905	-45.87725869
17397410410.4104	-48.34282685
17417430330.3303	-44.04885785
17437450250.2502	-48.00469489
17457470170.1702	-44.691678
17477490090.0901	-49.51263091
17497510010.01	-57.08407829
17517529929.9299	-47.98930227
17537549849.8498	-46.45152503
17557569769.7698	-49.77488147
17577589689.6897	-49.03761362
17597609609.6096	-49.49986627
17617629529.5295	-54.34126491
17637649449.4494	-51.20566367
17657669369.3694	-56.12317574
17677689289.2893	-47.09477978
17697709209.2092	-49.49144509
17717729129.1291	-61.46770793
17737749049.049	-51.38643582
17757768968.969	-49.16390762
17777788888.8889	-48.30112322
17797808808.8088	-49.05609001
17817828728.7287	-47.65748676
17837848648.6486	-45.30562111
17857868568.5686	-48.7565988
17877888488.4885	-53.72810045
17897908408.4084	-50.09261187
17917928328.3283	-49.43864477
17937948248.2482	-48.06494143
17957968168.1682	-48.10260481
17977988088.0881	-57.05340157
17998008008.008	-51.07162269
18018027927.9279	-57.00946791
18038047847.8478	-54.70994416
18058067767.7678	-48.68130289
18078087687.6877	-47.75463273
18098107607.6076	-56.6972533
18118127527.5275	-46.79086784
18138147447.4474	-55.98504268
18158167367.3674	-43.59556028
18178187287.2873	-58.06415323
18198207207.2072	-52.76643089
18218227127.1271	-54.74376314
18238247047.047	-49.13485709
18258266966.967	-45.97073616
18278286886.8869	-48.35103734
18298306806.8068	-46.37602224
18318326726.7267	-56.66126651
18338346646.6466	-54.02890018
18358366566.5666	-55.42271985
18378386486.4865	-51.14760666
18398406406.4064	-51.48243206
18418426326.3263	-50.54655286
18438446246.2462	-53.97106542
18458466166.1662	-51.05435384
18478486086.0861	-47.91888231
18498506006.006	-50.88023574
18518525925.9259	-55.3018116
18538545845.8458	-46.03723344
18558565765.7658	-51.21561672
18578585685.6857	-53.95196357
18598605605.6056	-57.27770349
18618625525.5255	-50.51928378
18638645445.4454	-50.34565428
18658665365.3654	-52.91636093
18678685285.2853	-58.54357249
18698705205.2052	-56.49542537
18718725125.1251	-47.15963373
18738745045.045	-47.35768053
18758764964.965	-56.35909976
18778784884.8849	-51.02036409
18798804804.8048	-54.56106438
18818824724.7247	-45.84393173
18838844644.6446	-52.42219979
18858864564.5646	-55.06862224
18878884484.4845	-54.70428549
18898904404.4044	-52.58812601
18918924324.3243	-53.34786572
18938944244.2442	-59.46246517
18958964164.1642	-42.80170719
18978984084.0841	-51.29448386
18999004004.004	-47.47308735
19019023923.9239	-49.45202014
19039043843.8438	-53.01502259
19059063763.7638	-50.33680134
19079083683.6837	-47.8159661
19099103603.6036	-48.14953169
19119123523.5235	-54.87877982
19139143443.4434	-54.29178647
19159163363.3634	-53.61812354
19179183283.2833	-54.20546673
19199203203.2032	-48.63719973
19219223123.1231	-53.72891602
19239243043.043	-54.72685074
19259262962.963	-59.76179437
19279282882.8829	-53.29107685
19299302802.8028	-57.19718113
19319322722.7227	-62.97357703
19339342642.6426	-56.53859218
19359362562.5626	-46.04222828
19379382482.4825	-54.7214801
19399402402.4024	-54.89026741
19419422322.3223	-51.04736706
19439442242.2422	-58.06175507
19459462162.1622	-50.38297761
19479482082.0821	-55.24394892
19499502002.002	-48.85884923
19519521921.9219	-51.46027894
19539541841.8418	-46.46078382
19559561761.7618	-54.70616747
19579581681.6817	-45.8521813
19599601601.6016	-48.30603074
19619621521.5215	-54.4425122
19639641441.4414	-50.81101478
19659661361.3614	-50.25882284
19679681281.2813	-53.96108068
19699701201.2012	-49.26159505
19719721121.1211	-45.69086673
19739741041.041	-49.3958376
19759760960.961	-54.10827343
19779780880.8809	-51.64606386
19799800800.8008	-51.89278745
19819820720.7207	-51.21565051
19839840640.6406	-49.15372982
19859860560.5606	-45.75994268
19879880480.4805	-51.67514196
19899900400.4004	-53.7220014
19919920320.3203	-54.72197682
19939940240.2402	-53.28665172
19959960160.1602	-53.16297391
19979980080.0801	-57.98633833
20000000000	-60.90353784
