# S21_frequency_set	VNA_S21_trace
# "S21 frequency"	"S21 magnitude"
# 1000
100000	-22.81895834
20119919.9199199	-52.56118848
40139839.8398398	-57.83412947
60159759.7597598	-65.3975599
80179679.6796797	-61.72118425
100199599.5996	-72.2460365
120219519.51952	-59.00056142
140239439.439439	-67.19947726
160259359.359359	-68.31075559
180279279.279279	-62.16706541
200299199.199199	-64.33749933
220319119.119119	-61.84343317
240339039.039039	-68.61840297
260358958.958959	-64.53859004
280378878.878879	-69.82211594
300398798.798799	-69.7570047
320418718.718719	-56.79911344
340438638.638639	-65.88502445
360458558.558559	-57.74741781
380478478.478478	-60.43095074
400498398.398398	-65.35770713
420518318.318318	-58.05937951
440538238.238238	-58.10925781
460558158.158158	-62.15269581
480578078.078078	-56.75832069
500597997.997998	-54.86434264
520617917.917918	-57.88933912
540637837.837838	-62.35883682
560657757.757758	-58.4803323
580677677.677678	-60.53169655
600697597.597598	-64.17351971
620717517.517517	-59.53589121
640737437.437437	-59.24001691
660757357.357357	-64.67390222
680777277.277277	-66.66409617
700797197.197197	-67.1485772
720817117.117117	-61.12401069
740837037.037037	-64.60496858
760856956.956957	-58.32605457
780876876.876877	-66.14704535
800896796.796797	-64.71727607
820916716.716717	-66.95868974
840936636.636637	-61.07268196
860956556.556557	-63.96746466
880976476.476476	-58.55698194
900996396.396396	-59.32814967
921016316.316316	-60.26713067
941036236.236236	-58.92129555
961056156.156156	-57.66610528
981076076.076076	-76.0565767
1001095995.996	-60.37882682
1021115915.91592	-68.25438696
1041135835.83584	-71.45444825
1061155755.75576	-63.36864293
1081175675.67568	-64.67947641
1101195595.5956	-56.86431316
1121215515.51552	-67.83459326
1141235435.43544	-62.17423056
1161255355.35536	-67.78677217
1181275275.27528	-63.01172012
1201295195.1952	-65.07228397
1221315115.11512	-64.60284382
1241335035.03503	-58.91168575
1261354954.95495	-60.73778067
1281374874.87487	-63.53705705
1301394794.79479	-57.11923345
1321414714.71471	-62.57664127
1341434634.63463	-78.11480612
1361454554.55455	-60.54083408
1381474474.47447	-70.90455551
1401494394.39439	-64.34316039
1421514314.31431	-60.13569455
1441534234.23423	-65.24128625
1461554154.15415	-64.58518317
1481574074.07407	-64.60501738
1501593993.99399	-55.78032878
1521613913.91391	-62.07135607
1541633833.83383	-64.07213253
1561653753.75375	-65.48052267
1581673673.67367	-72.33863829
1601693593.59359	-63.72404048
1621713513.51351	-57.44442019
1641733433.43343	-59.9864074
1661753353.35335	-59.30297422
1681773273.27327	-66.84661878
1701793193.19319	-66.85278783
1721813113.11311	-60.85814337
1741833033.03303	-60.1153117
1761852952.95295	-66.12200741
1781872872.87287	-58.49117649
1801892792.79279	-63.25314715
1821912712.71271	-65.32168969
1841932632.63263	-65.25857687
1861952552.55255	-65.31226369
1881972472.47247	-64.90190483
1901992392.39239	-71.53337523
1922012312.31231	-72.23768464
1942032232.23223	-67.70605092
1962052152.15215	-62.65497916
1982072072.07207	-66.0486218
2002091991.99199	-62.19957878
2022111911.91191	-66.22499697
2042131831.83183	-68.80530229
2062151751.75175	-86.85453325
2082171671.67167	-63.19623287
2102191591.59159	-59.78715275
2122211511.51151	-63.60826827
2142231431.43143	-71.78881573
2162251351.35135	-62.70241021
2182271271.27127	-78.06466157
2202291191.19119	-84.85998177
2222311111.11111	-74.78975348
2242331031.03103	-71.95148131
2262350950.95095	-62.88437194
2282370870.87087	-65.35123821
2302390790.79079	-64.23942596
2322410710.71071	-68.31935687
2342430630.63063	-62.3409582
2362450550.55055	-65.35178228
2382470470.47047	-70.91354319
2402490390.39039	-59.38916383
2422510310.31031	-68.51156534
2442530230.23023	-67.50358403
2462550150.15015	-65.2998212
2482570070.07007	-61.35499931
2502589989.98999	-63.74761642
2522609909.90991	-64.59686487
2542629829.82983	-67.52740483
2562649749.74975	-67.38508675
2582669669.66967	-67.69181003
2602689589.58959	-82.7429718
2622709509.50951	-67.55236165
2642729429.42943	-65.76725433
2662749349.34935	-64.64607743
2682769269.26927	-68.8034466
2702789189.18919	-64.83944525
2722809109.10911	-71.68727409
2742829029.02903	-76.23792079
2762848948.94895	-66.86563549
2782868868.86887	-76.10120142
2802888788.78879	-67.24538337
2822908708.70871	-71.99791236
2842928628.62863	-63.11419127
2862948548.54855	-74.14429065
2882968468.46847	-64.74563454
2902988388.38839	-67.8380668
2923008308.30831	-65.48976828
2943028228.22823	-68.37287074
2963048148.14815	-65.47720263
2983068068.06807	-66.30973557
3003087987.98799	-68.898363
3023107907.90791	-64.86007056
3043127827.82783	-66.50016697
3063147747.74775	-64.72944107
3083167667.66767	-70.27899742
3103187587.58759	-63.80731592
3123207507.50751	-72.19739683
3143227427.42743	-70.08238598
3163247347.34735	-64.72665944
3183267267.26727	-74.1491885
3203287187.18719	-75.01361866
3223307107.10711	-71.21574121
3243327027.02703	-74.99428387
3263346946.94695	-81.01223725
3283366866.86687	-71.34353212
3303386786.78679	-64.11021938
3323406706.70671	-65.92594062
3343426626.62663	-60.85527707
3363446546.54655	-68.33410162
3383466466.46647	-65.32231865
3403486386.38639	-68.16075647
3423506306.30631	-73.65642534
3443526226.22623	-63.88312173
3463546146.14615	-74.02427229
3483566066.06607	-63.73971676
3503585985.98599	-70.37217025
3523605905.90591	-62.9591883
3543625825.82583	-73.05380411
3563645745.74575	-71.55993372
3583665665.66567	-62.33814422
3603685585.58559	-75.28574123
3623705505.50551	-71.7615813
3643725425.42543	-67.34564963
3663745345.34535	-65.23332934
3683765265.26526	-78.27037736
3703785185.18518	-61.61333428
3723805105.1051	-79.6957018
3743825025.02502	-67.72870478
3763844944.94494	-68.19225421
3783864864.86486	-62.44953959
3803884784.78478	-62.46398165
3823904704.7047	-63.42480146
3843924624.62462	-70.28107461
3863944544.54454	-66.8287792
3883964464.46446	-65.80067931
3903984384.38438	-75.21025862
3924004304.3043	-68.7725502
3944024224.22422	-77.84824781
3964044144.14414	-66.48530525
3984064064.06406	-71.8207989
4004083983.98398	-61.31232943
4024103903.9039	-80.920966
4044123823.82382	-75.5202739
4064143743.74374	-67.56149805
4084163663.66366	-87.07262457
4104183583.58358	-76.88761671
4124203503.5035	-65.77771845
4144223423.42342	-69.21500667
4164243343.34334	-71.30327991
4184263263.26326	-73.97454207
4204283183.18318	-64.26109507
4224303103.1031	-71.10894348
4244323023.02302	-65.02772416
4264342942.94294	-75.51586252
4284362862.86286	-64.54772706
4304382782.78278	-81.2312757
4324402702.7027	-68.34126089
4344422622.62262	-80.87975476
4364442542.54254	-78.59254318
4384462462.46246	-69.70608461
4404482382.38238	-74.31972771
4424502302.3023	-68.25189229
4444522222.22222	-60.49110481
4464542142.14214	-71.25810978
4484562062.06206	-67.85163913
4504581981.98198	-67.53467899
4524601901.9019	-71.36255676
4544621821.82182	-75.36539691
4564641741.74174	-74.73909632
4584661661.66166	-67.40410745
4604681581.58158	-69.08521015
4624701501.5015	-63.65680461
4644721421.42142	-75.44754018
4664741341.34134	-74.6772854
4684761261.26126	-78.27810097
4704781181.18118	-65.18442072
4724801101.1011	-68.79822052
4744821021.02102	-75.30715861
4764840940.94094	-69.3611648
4784860860.86086	-61.23751726
4804880780.78078	-60.24788811
4824900700.7007	-66.67182875
4844920620.62062	-64.89591623
4864940540.54054	-81.16384505
4884960460.46046	-71.8616008
4904980380.38038	-60.90958016
4925000300.3003	-60.32130867
4945020220.22022	-65.28124186
4965040140.14014	-68.99642316
4985060060.06006	-63.48603733
5005079979.97998	-71.13539479
5025099899.8999	-59.878236
5045119819.81982	-68.6953317
5065139739.73974	-65.47235286
5085159659.65966	-65.67467754
5105179579.57958	-68.27162585
5125199499.4995	-60.96617173
5145219419.41942	-63.53873137
5165239339.33934	-70.69620032
5185259259.25926	-78.82072892
5205279179.17918	-65.63698243
5225299099.0991	-72.99046019
5245319019.01902	-85.90954455
5265338938.93894	-65.37628783
5285358858.85886	-72.76029259
5305378778.77878	-62.24323301
5325398698.6987	-65.20098638
5345418618.61862	-71.38844411
5365438538.53854	-69.5088551
5385458458.45846	-67.29551131
5405478378.37838	-67.78665089
5425498298.2983	-72.60674894
5445518218.21822	-69.37860662
5465538138.13814	-71.52573959
5485558058.05806	-65.63888093
5505577977.97798	-71.38513891
5525597897.8979	-64.55930437
5545617817.81782	-69.61435101
5565637737.73774	-68.44545759
5585657657.65766	-63.05490449
5605677577.57758	-65.95744171
5625697497.4975	-65.92510345
5645717417.41742	-66.30308022
5665737337.33734	-69.68204761
5685757257.25726	-68.18634326
5705777177.17718	-61.04300639
5725797097.0971	-68.17927255
5745817017.01702	-68.99484192
5765836936.93694	-63.74600469
5785856856.85686	-72.36019459
5805876776.77678	-84.82317624
5825896696.6967	-67.13409772
5845916616.61662	-75.46126652
5865936536.53654	-63.60504398
5885956456.45646	-76.49768846
5905976376.37638	-73.46451335
5925996296.2963	-63.34848127
5946016216.21622	-69.50519771
5966036136.13614	-76.80383229
5986056056.05606	-65.19825092
6006075975.97598	-63.51336426
6026095895.8959	-67.97690718
6046115815.81582	-58.48791047
6066135735.73574	-61.98807816
6086155655.65566	-62.6719893
6106175575.57558	-62.89058767
6126195495.49549	-62.42258322
6146215415.41541	-68.71430719
6166235335.33533	-68.45383418
6186255255.25525	-74.24172944
6206275175.17517	-62.36396444
6226295095.09509	-72.51117485
6246315015.01501	-73.32335985
6266334934.93493	-61.34811058
6286354854.85485	-69.5164627
6306374774.77477	-64.88523489
6326394694.69469	-64.01219239
6346414614.61461	-58.98454442
6366434534.53453	-74.06267789
6386454454.45445	-70.05562131
6406474374.37437	-64.85492235
6426494294.29429	-76.23023047
6446514214.21421	-68.02968563
6466534134.13413	-80.44224957
6486554054.05405	-61.68633075
6506573973.97397	-71.45177845
6526593893.89389	-67.2354444
6546613813.81381	-83.94282007
6566633733.73373	-68.02922247
6586653653.65365	-62.14361974
6606673573.57357	-60.65916425
6626693493.49349	-68.12693695
6646713413.41341	-76.90105458
6666733333.33333	-67.75966723
6686753253.25325	-70.90730158
6706773173.17317	-68.27839537
6726793093.09309	-67.94164632
6746813013.01301	-68.89085429
6766832932.93293	-67.74491236
6786852852.85285	-62.47734403
6806872772.77277	-62.60160221
6826892692.69269	-67.46858028
6846912612.61261	-70.92624317
6866932532.53253	-65.84831444
6886952452.45245	-69.36795982
6906972372.37237	-70.20948759
6926992292.29229	-82.35385683
6947012212.21221	-70.3586955
6967032132.13213	-68.3664051
6987052052.05205	-64.26252637
7007071971.97197	-69.41228536
7027091891.89189	-66.71469894
7047111811.81181	-65.03488629
7067131731.73173	-62.06520729
7087151651.65165	-58.24772875
7107171571.57157	-62.49078921
7127191491.49149	-69.60848035
7147211411.41141	-66.57917977
7167231331.33133	-64.29207811
7187251251.25125	-64.87330189
7207271171.17117	-71.24956256
7227291091.09109	-70.31409373
7247311011.01101	-75.17131955
7267330930.93093	-72.12976885
7287350850.85085	-67.30546521
7307370770.77077	-62.84310671
7327390690.69069	-64.63385853
7347410610.61061	-71.66184664
7367430530.53053	-71.48491196
7387450450.45045	-64.43403872
7407470370.37037	-66.79725159
7427490290.29029	-65.92107681
7447510210.21021	-74.22629065
7467530130.13013	-64.22549472
7487550050.05005	-70.40187569
7507569969.96997	-68.03876199
7527589889.88989	-81.18542789
7547609809.80981	-68.65546449
7567629729.72973	-63.61067289
7587649649.64965	-71.88435437
7607669569.56957	-72.88627161
7627689489.48949	-67.67473648
7647709409.40941	-81.56329284
7667729329.32933	-67.33827806
7687749249.24925	-69.17497523
7707769169.16917	-63.80915828
7727789089.08909	-90.64394694
7747809009.00901	-72.56366204
7767828928.92893	-64.7704254
7787848848.84885	-66.35399511
7807868768.76877	-58.93467455
7827888688.68869	-58.96226619
7847908608.60861	-70.61021811
7867928528.52853	-64.86282824
7887948448.44845	-66.49602379
7907968368.36837	-64.88311336
7927988288.28829	-68.75629889
7948008208.20821	-66.91007182
7968028128.12813	-68.98399665
7988048048.04805	-68.53018948
8008067967.96797	-65.35964747
8028087887.88789	-67.83805542
8048107807.80781	-62.33031796
8068127727.72773	-65.10851668
8088147647.64765	-61.1417359
8108167567.56757	-70.27440431
8128187487.48749	-63.8514561
8148207407.40741	-73.97566563
8168227327.32733	-58.9731085
8188247247.24725	-61.49762364
8208267167.16717	-61.00221089
8228287087.08709	-67.30602694
8248307007.00701	-70.53810287
8268326926.92693	-65.75222614
8288346846.84685	-79.79124477
8308366766.76677	-65.52259529
8328386686.68669	-72.86220938
8348406606.60661	-70.36131939
8368426526.52653	-69.78647698
8388446446.44645	-66.88135628
8408466366.36637	-94.57068764
8428486286.28629	-66.53286913
8448506206.20621	-81.85574677
8468526126.12613	-69.33968959
8488546046.04605	-79.62749076
8508565965.96597	-83.58972557
8528585885.88589	-62.84175091
8548605805.80581	-65.06812338
8568625725.72573	-61.37372202
8588645645.64565	-63.23229589
8608665565.56557	-62.02883425
8628685485.48549	-64.83706448
8648705405.40541	-68.54383563
8668725325.32533	-66.00148873
8688745245.24524	-65.75219489
8708765165.16516	-76.36843544
8728785085.08508	-65.12501301
8748805005.005	-70.14682777
8768824924.92492	-61.64468163
8788844844.84484	-71.37405925
8808864764.76476	-86.12926565
8828884684.68468	-73.41016728
8848904604.6046	-72.75019618
8868924524.52452	-76.48982293
8888944444.44444	-64.01939201
8908964364.36436	-63.76680585
8928984284.28428	-63.39633094
8949004204.2042	-65.43242956
8969024124.12412	-68.45993397
8989044044.04404	-67.08064564
9009063963.96396	-65.46262505
9029083883.88388	-68.50081418
9049103803.8038	-75.95553105
9069123723.72372	-65.43415236
9089143643.64364	-79.06919832
9109163563.56356	-65.41308444
9129183483.48348	-66.74794014
9149203403.4034	-70.47275694
9169223323.32332	-69.57640991
9189243243.24324	-71.4118899
9209263163.16316	-67.19244639
9229283083.08308	-73.24831435
9249303003.003	-64.02442391
9269322922.92292	-68.29904086
9289342842.84284	-63.19338055
9309362762.76276	-62.99624498
9329382682.68268	-66.50178367
9349402602.6026	-63.50288668
9369422522.52252	-65.17470712
9389442442.44244	-72.36294402
9409462362.36236	-70.97283939
9429482282.28228	-68.21146317
9449502202.2022	-70.37701747
9469522122.12212	-60.91897189
9489542042.04204	-64.07388559
9509561961.96196	-69.54005725
9529581881.88188	-63.9697563
9549601801.8018	-68.24633317
9569621721.72172	-61.58463645
9589641641.64164	-64.10551979
9609661561.56156	-74.59399023
9629681481.48148	-60.3164976
9649701401.4014	-68.73020247
9669721321.32132	-65.02612779
9689741241.24124	-62.58639626
9709761161.16116	-71.53991886
9729781081.08108	-64.97369537
9749801001.001	-65.45233183
9769820920.92092	-63.6835517
9789840840.84084	-65.67757554
9809860760.76076	-60.93729685
9829880680.68068	-63.41251778
9849900600.6006	-60.16613035
9869920520.52052	-59.77717694
9889940440.44044	-67.60338721
9909960360.36036	-80.36260395
9929980280.28028	-59.66747392
9950000200.2002	-68.96937751
9970020120.12012	-68.87027577
9990040040.04004	-74.05726473
10010059959.96	-63.88358914
10030079879.8799	-77.31088407
10050099799.7998	-69.2815107
10070119719.7197	-64.84038622
10090139639.6396	-61.16693917
10110159559.5596	-72.65964902
10130179479.4795	-68.34872569
10150199399.3994	-69.21263987
10170219319.3193	-69.82849801
10190239239.2392	-59.15127027
10210259159.1592	-62.30085114
10230279079.0791	-59.18995419
10250298998.999	-68.46921297
10270318918.9189	-62.28019555
10290338838.8388	-58.13907826
10310358758.7588	-67.48947278
10330378678.6787	-64.30163319
10350398598.5986	-65.25056043
10370418518.5185	-65.2775899
10390438438.4384	-73.27636789
10410458358.3584	-78.43837273
10430478278.2783	-79.36544754
10450498198.1982	-70.63352014
10470518118.1181	-97.65591801
10490538038.038	-62.70972622
10510557957.958	-67.05517667
10530577877.8779	-74.25921766
10550597797.7978	-73.69538544
10570617717.7177	-68.55416321
10590637637.6376	-64.81843546
10610657557.5576	-77.02458149
10630677477.4775	-77.46675733
10650697397.3974	-73.10049139
10670717317.3173	-68.20226266
10690737237.2372	-63.16656625
10710757157.1572	-69.82279008
10730777077.0771	-67.90120995
10750796996.997	-69.02639299
10770816916.9169	-69.34156292
10790836836.8368	-64.68692637
10810856756.7568	-64.48412771
10830876676.6767	-66.63155572
10850896596.5966	-69.67302758
10870916516.5165	-66.35339538
10890936436.4364	-93.96955035
10910956356.3564	-65.4383288
10930976276.2763	-66.96798698
10950996196.1962	-63.73147954
10971016116.1161	-66.4296178
10991036036.036	-62.71987085
11011055955.956	-59.70477472
11031075875.8759	-63.33320197
11051095795.7958	-69.05040759
11071115715.7157	-70.97373034
11091135635.6356	-70.34637067
11111155555.5556	-62.23395448
11131175475.4755	-58.31400863
11151195395.3954	-69.62758622
11171215315.3153	-67.00052153
11191235235.2352	-63.37812285
11211255155.1552	-82.95705469
11231275075.0751	-70.00145777
11251294994.995	-72.55932817
11271314914.9149	-59.74304713
11291334834.8348	-67.42630466
11311354754.7548	-75.37759522
11331374674.6747	-74.1465846
11351394594.5946	-69.3228301
11371414514.5145	-71.43708548
11391434434.4344	-68.26512126
11411454354.3544	-70.50462858
11431474274.2743	-71.08160031
11451494194.1942	-70.78579823
11471514114.1141	-64.23707035
11491534034.034	-67.25042403
11511553953.954	-67.23235108
11531573873.8739	-71.74278198
11551593793.7938	-68.86742818
11571613713.7137	-69.99520454
11591633633.6336	-64.59332377
11611653553.5536	-68.83550465
11631673473.4735	-62.60347364
11651693393.3934	-65.6582329
11671713313.3133	-66.52619601
11691733233.2332	-68.94586589
11711753153.1532	-68.70030014
11731773073.0731	-68.65737698
11751792992.993	-63.53155885
11771812912.9129	-68.90555237
11791832832.8328	-59.52266141
11811852752.7528	-74.05627826
11831872672.6727	-69.1774137
11851892592.5926	-67.71990422
11871912512.5125	-69.08101949
11891932432.4324	-69.92963622
11911952352.3524	-70.83682495
11931972272.2723	-62.86497423
11951992192.1922	-63.65823375
11972012112.1121	-71.56357586
11992032032.032	-62.83591942
12012051951.952	-68.06352821
12032071871.8719	-68.08559634
12052091791.7918	-59.65247824
12072111711.7117	-65.49916221
12092131631.6316	-70.30789957
12112151551.5516	-68.05292556
12132171471.4715	-72.5326669
12152191391.3914	-83.10608704
12172211311.3113	-59.83246955
12192231231.2312	-62.55957971
12212251151.1512	-71.15151125
12232271071.0711	-63.82921554
12252290990.991	-64.75723036
12272310910.9109	-68.3972729
12292330830.8308	-64.71475579
12312350750.7507	-64.32381474
12332370670.6707	-59.97442708
12352390590.5906	-76.78782902
12372410510.5105	-72.19249316
12392430430.4304	-74.77850304
12412450350.3503	-69.24049028
12432470270.2703	-65.21338008
12452490190.1902	-70.92507055
12472510110.1101	-69.62085153
12492530030.03	-60.40656243
12512549949.9499	-66.08495616
12532569869.8699	-64.73805413
12552589789.7898	-67.10724533
12572609709.7097	-74.21067183
12592629629.6296	-66.62511553
12612649549.5495	-67.87613054
12632669469.4695	-66.54801338
12652689389.3894	-70.94727716
12672709309.3093	-64.0320353
12692729229.2292	-61.94030581
12712749149.1491	-62.459486
12732769069.0691	-84.49766424
12752788988.989	-65.71217384
12772808908.9089	-66.09957783
12792828828.8288	-74.22244313
12812848748.7487	-61.52571126
12832868668.6687	-62.05970306
12852888588.5886	-69.79044024
12872908508.5085	-69.79477202
12892928428.4284	-64.37590688
12912948348.3483	-62.96024993
12932968268.2683	-67.39364423
12952988188.1882	-68.34563978
12973008108.1081	-57.99219113
12993028028.028	-71.49201141
13013047947.9479	-73.61726647
13033067867.8679	-65.58376569
13053087787.7878	-63.28670349
13073107707.7077	-66.47601
13093127627.6276	-65.97447963
13113147547.5475	-65.41246224
13133167467.4675	-60.751058
13153187387.3874	-61.62186309
13173207307.3073	-68.12950769
13193227227.2272	-79.60387039
13213247147.1471	-62.10715765
13233267067.0671	-61.88526395
13253286986.987	-64.41932129
13273306906.9069	-55.75578969
13293326826.8268	-68.00928473
13313346746.7467	-73.72718157
13333366666.6667	-72.71808237
13353386586.5866	-64.65740136
13373406506.5065	-70.65057367
13393426426.4264	-67.86244906
13413446346.3463	-64.28507624
13433466266.2663	-60.86364104
13453486186.1862	-69.4839678
13473506106.1061	-59.11586653
13493526026.026	-63.737123
13513545945.9459	-61.97152482
13533565865.8659	-61.34044291
13553585785.7858	-62.34668818
13573605705.7057	-68.22057662
13593625625.6256	-64.74139542
13613645545.5455	-67.41391658
13633665465.4655	-58.53331873
13653685385.3854	-61.56066911
13673705305.3053	-71.34607232
13693725225.2252	-62.15055442
13713745145.1451	-63.32523411
13733765065.0651	-65.42175741
13753784984.985	-58.97779274
13773804904.9049	-63.39713629
13793824824.8248	-74.19531635
13813844744.7447	-60.34300851
13833864664.6647	-62.41643626
13853884584.5846	-59.52028786
13873904504.5045	-58.9157241
13893924424.4244	-62.29774418
13913944344.3443	-56.42145149
13933964264.2643	-64.44172408
13953984184.1842	-64.04364858
13974004104.1041	-67.10236367
13994024024.024	-65.17663609
14014043943.9439	-65.61097301
14034063863.8639	-70.19161993
14054083783.7838	-82.31190829
14074103703.7037	-65.87434207
14094123623.6236	-60.13724105
14114143543.5435	-63.09576354
14134163463.4635	-54.72944206
14154183383.3834	-63.52999843
14174203303.3033	-56.32691255
14194223223.2232	-61.59625766
14214243143.1431	-64.79651951
14234263063.0631	-66.43055635
14254282982.983	-61.16817171
14274302902.9029	-69.8027786
14294322822.8228	-74.41741003
14314342742.7427	-60.18527365
14334362662.6627	-69.94760826
14354382582.5826	-62.26713359
14374402502.5025	-70.3655875
14394422422.4224	-69.69328923
14414442342.3423	-64.46414695
14434462262.2623	-67.92409252
14454482182.1822	-63.38516985
14474502102.1021	-65.96134931
14494522022.022	-63.59835814
14514541941.9419	-63.74917399
14534561861.8619	-68.36546945
14554581781.7818	-68.42100239
14574601701.7017	-65.26337886
14594621621.6216	-60.07889723
14614641541.5415	-70.67027566
14634661461.4615	-62.47937731
14654681381.3814	-91.75758443
14674701301.3013	-59.97028127
14694721221.2212	-63.73277132
14714741141.1411	-65.49875347
14734761061.0611	-63.74494455
14754780980.981	-62.46812254
14774800900.9009	-62.34508579
14794820820.8208	-80.27152722
14814840740.7407	-82.65607294
14834860660.6607	-60.69602485
14854880580.5806	-64.29875966
14874900500.5005	-66.58850592
14894920420.4204	-62.25488153
14914940340.3403	-69.2263006
14934960260.2603	-58.11567418
14954980180.1802	-67.11743272
14975000100.1001	-67.95386389
14995020020.02	-69.14746396
15015039939.9399	-63.43508859
15035059859.8599	-64.77950089
15055079779.7798	-62.47556828
15075099699.6997	-77.73152431
15095119619.6196	-69.17231628
15115139539.5395	-64.65296116
15135159459.4595	-69.12410071
15155179379.3794	-78.50113169
15175199299.2993	-74.28351489
15195219219.2192	-75.11063527
15215239139.1391	-61.8082208
15235259059.0591	-81.36549164
15255278978.979	-67.57523234
15275298898.8989	-71.40798263
15295318818.8188	-63.62576848
15315338738.7387	-68.89683195
15335358658.6587	-68.42673523
15355378578.5786	-65.1940094
15375398498.4985	-73.49446388
15395418418.4184	-63.80927335
15415438338.3383	-78.01548697
15435458258.2583	-67.45309895
15455478178.1782	-83.62772063
15475498098.0981	-64.99211212
15495518018.018	-75.49660744
15515537937.9379	-72.0943242
15535557857.8579	-69.34870154
15555577777.7778	-67.94650986
15575597697.6977	-64.10823377
15595617617.6176	-62.16970618
15615637537.5375	-74.35730345
15635657457.4575	-63.87909237
15655677377.3774	-65.39994424
15675697297.2973	-67.57337479
15695717217.2172	-66.83137351
15715737137.1371	-63.81032399
15735757057.0571	-73.02569369
15755776976.977	-73.09246986
15775796896.8969	-67.27483119
15795816816.8168	-69.30703624
15815836736.7367	-65.22603662
15835856656.6567	-64.40938984
15855876576.5766	-78.30256497
15875896496.4965	-66.61960633
15895916416.4164	-75.04914196
15915936336.3363	-66.54605131
15935956256.2563	-62.12142488
15955976176.1762	-63.04864079
15975996096.0961	-66.74859459
15996016016.016	-65.40659521
16016035935.9359	-72.01165701
16036055855.8559	-68.11302902
16056075775.7758	-66.3822025
16076095695.6957	-66.86328895
16096115615.6156	-70.15453116
16116135535.5355	-63.05294908
16136155455.4555	-65.0402091
16156175375.3754	-67.09680259
16176195295.2953	-74.37910505
16196215215.2152	-66.24094511
16216235135.1351	-71.68573847
16236255055.0551	-75.63068066
16256274974.975	-61.42293417
16276294894.8949	-62.55263487
16296314814.8148	-63.49405262
16316334734.7347	-56.6285505
16336354654.6547	-71.40696477
16356374574.5746	-69.54449039
16376394494.4945	-70.65616527
16396414414.4144	-69.14274547
16416434334.3343	-72.27868792
16436454254.2543	-64.19525767
16456474174.1742	-57.78833406
16476494094.0941	-64.09440898
16496514014.014	-72.94955054
16516533933.9339	-64.23902281
16536553853.8539	-68.56678288
16556573773.7738	-72.39333062
16576593693.6937	-81.0026388
16596613613.6136	-76.14720729
16616633533.5335	-69.35103789
16636653453.4535	-65.53455483
16656673373.3734	-69.87032
16676693293.2933	-73.67394264
16696713213.2132	-61.06764749
16716733133.1331	-58.0703105
16736753053.0531	-65.42833381
16756772972.973	-66.28746334
16776792892.8929	-75.17968084
16796812812.8128	-75.97063982
16816832732.7327	-76.54628926
16836852652.6527	-69.77635024
16856872572.5726	-64.14356878
16876892492.4925	-63.84993035
16896912412.4124	-63.762739
16916932332.3323	-63.1695035
16936952252.2523	-68.43708735
16956972172.1722	-59.91826057
16976992092.0921	-58.15014722
16997012012.012	-72.44388524
17017031931.9319	-56.21176706
17037051851.8519	-73.7679679
17057071771.7718	-68.70061023
17077091691.6917	-73.6776619
17097111611.6116	-61.99994426
17117131531.5315	-61.71912726
17137151451.4515	-80.66557735
17157171371.3714	-75.28869411
17177191291.2913	-65.59985023
17197211211.2112	-64.53170149
17217231131.1311	-76.28663629
17237251051.0511	-74.92600102
17257270970.971	-64.78802028
17277290890.8909	-70.32049649
17297310810.8108	-58.09986713
17317330730.7307	-83.44451111
17337350650.6507	-64.66680695
17357370570.5706	-65.92611643
17377390490.4905	-65.12655015
17397410410.4104	-62.93841929
17417430330.3303	-71.82599778
17437450250.2502	-58.69383465
17457470170.1702	-67.2596414
17477490090.0901	-60.14422614
17497510010.01	-61.75349479
17517529929.9299	-62.06767064
17537549849.8498	-62.26689603
17557569769.7698	-65.27961517
17577589689.6897	-71.84174137
17597609609.6096	-61.43534001
17617629529.5295	-70.12230906
17637649449.4494	-61.21803044
17657669369.3694	-61.77174162
17677689289.2893	-74.49063878
17697709209.2092	-72.53721486
17717729129.1291	-77.55510757
17737749049.049	-76.61239223
17757768968.969	-67.55590404
17777788888.8889	-68.85497015
17797808808.8088	-62.30006474
17817828728.7287	-54.83382202
17837848648.6486	-66.08946557
17857868568.5686	-62.0618287
17877888488.4885	-68.68553552
17897908408.4084	-72.87957801
17917928328.3283	-58.5890071
17937948248.2482	-73.53606113
17957968168.1682	-73.79131833
17977988088.0881	-67.83064443
17998008008.008	-60.15206934
18018027927.9279	-58.44145891
18038047847.8478	-69.48214421
18058067767.7678	-67.88197291
18078087687.6877	-63.22487982
18098107607.6076	-63.03400669
18118127527.5275	-61.69825232
18138147447.4474	-61.52104039
18158167367.3674	-64.47185833
18178187287.2873	-62.49908975
18198207207.2072	-72.04416963
18218227127.1271	-54.85347471
18238247047.047	-62.86737113
18258266966.967	-60.75860455
18278286886.8869	-76.72407333
18298306806.8068	-63.90967066
18318326726.7267	-65.86775141
18338346646.6466	-59.72183803
18358366566.5666	-59.83065467
18378386486.4865	-59.7032524
18398406406.4064	-66.39229664
18418426326.3263	-64.17356897
18438446246.2462	-65.29530473
18458466166.1662	-57.62962186
18478486086.0861	-62.8057235
18498506006.006	-59.6149094
18518525925.9259	-61.17501933
18538545845.8458	-59.85477653
18558565765.7658	-67.833921
18578585685.6857	-67.28277506
18598605605.6056	-59.85526074
18618625525.5255	-84.0518523
18638645445.4454	-67.31263345
18658665365.3654	-67.89888176
18678685285.2853	-81.27935203
18698705205.2052	-59.74056294
18718725125.1251	-63.40509098
18738745045.045	-69.24454846
18758764964.965	-66.76629589
18778784884.8849	-62.53689567
18798804804.8048	-67.13264082
18818824724.7247	-67.46614483
18838844644.6446	-65.76054288
18858864564.5646	-56.09937291
18878884484.4845	-59.30837748
18898904404.4044	-61.93994234
18918924324.3243	-71.25428609
18938944244.2442	-71.00493097
18958964164.1642	-61.95541506
18978984084.0841	-59.71409661
18999004004.004	-64.75377319
19019023923.9239	-70.54155369
19039043843.8438	-62.79851338
19059063763.7638	-63.91066101
19079083683.6837	-64.51407527
19099103603.6036	-64.36504068
19119123523.5235	-59.7196908
19139143443.4434	-81.42451109
19159163363.3634	-63.23732286
19179183283.2833	-61.22247989
19199203203.2032	-58.88636046
19219223123.1231	-54.92765496
19239243043.043	-58.09325537
19259262962.963	-64.90694536
19279282882.8829	-66.13435001
19299302802.8028	-64.51191085
19319322722.7227	-59.86053993
19339342642.6426	-65.85934028
19359362562.5626	-66.58434547
19379382482.4825	-66.76614413
19399402402.4024	-57.79367557
19419422322.3223	-66.16386706
19439442242.2422	-72.27786775
19459462162.1622	-86.76622614
19479482082.0821	-63.08438541
19499502002.002	-60.96435746
19519521921.9219	-66.35612446
19539541841.8418	-64.12360105
19559561761.7618	-59.88642406
19579581681.6817	-58.05701773
19599601601.6016	-58.56017947
19619621521.5215	-75.31079181
19639641441.4414	-90.22089555
19659661361.3614	-63.1320035
19679681281.2813	-74.13345647
19699701201.2012	-78.40504527
19719721121.1211	-72.31193608
19739741041.041	-60.81923306
19759760960.961	-63.05054888
19779780880.8809	-64.97716792
19799800800.8008	-57.07173222
19819820720.7207	-56.9467207
19839840640.6406	-64.56761341
19859860560.5606	-68.81782823
19879880480.4805	-73.45590586
19899900400.4004	-58.6076026
19919920320.3203	-63.66686394
19939940240.2402	-70.34431097
19959960160.1602	-69.51761683
19979980080.0801	-63.80752298
20000000000	-61.77239232
